1 1 1 1 455.13 6.12058309242811 108 392491
1 1 1 2 69.17 4.23656724261249 19 46221
1 1 1 3 72.88 4.2888142529517 13 15694
1 1 1 4 1292.39 7.16424849637785 124 422201
1 1 1 5 191.01 5.25232578269704 40 119373
1 1 1 6 477.66 6.16889918232854 57 170913
1 1 1 7 105.58 4.65946895939547 23 56940
1 1 1 8 32.55 3.48277736865458 14 77487
1 1 1 9 9998.46 9.21018636011697 1704 6805992
1 1 2 1 314.58 5.7512384158125 45 214011
1 1 2 2 61.82 4.12422693670397 10 65303
1 1 2 3 47.06 3.85142338329922 5 20871
1 1 2 4 782.58 6.66259615361025 48 242894
1 1 2 5 115.43 4.74866428562682 11 23545
1 1 2 6 338.06 5.82322339452203 23 39598
1 1 2 7 70.44 4.25476128362801 7 48767
1 1 2 8 15.25 2.72457950305342 2 6560
1 1 2 9 6416.19 8.76657976257421 638 2873487
1 1 3 1 309.98 5.7365077792689 24 134931
1 1 3 2 49.18 3.89548703678805 6 50908
1 1 3 3 32.02 3.46636070756857 3 4399
1 1 3 4 497.2 6.20899235963656 23 112992
1 1 3 5 73.48 4.29701326034693 6 14788
1 1 3 6 278.01 5.62765708426671 9 48713
1 1 3 7 66.36 4.19509446532224 9 52076
1 1 3 8 17.86 2.88256357544835 3 13161
1 1 3 9 5063.15 8.52974409823458 408 1707680
1 1 4 1 318.48 5.76355967869206 29 103866
1 1 4 2 57.21 4.04672870828044 7 77588
1 1 4 3 35.33 3.56473246137105 4 11839
1 1 4 4 374.28 5.92500418040771 20 98140
1 1 4 5 85.18 4.44476666449507 7 27919
1 1 4 6 199.7 5.29681624042177 7 103910
1 1 4 7 60.46 4.10198198935131 4 38065
1 1 4 8 12.74 2.54474665014402 0 0
1 1 4 9 4263.09 8.35774952843539 300 1267678
1 1 5 1 444.37 6.09665754873612 25 69203
1 1 5 2 86.65 4.46187701616162 6 14620
1 1 5 3 53.81 3.98545932350133 5 40258
1 1 5 4 361.62 5.89059393672301 22 161455
1 1 5 5 117.91 4.76992162158858 3 20011
1 1 5 6 232.55 5.44910525567011 11 57214
1 1 5 7 81.27 4.39777694476511 3 4496
1 1 5 8 18.21 2.90197089373952 0 0
1 1 5 9 4761.37 8.46829072094069 301 1116208
1 1 6 1 1016.67 6.9242878596165 61 217617
1 1 6 2 150.56 5.01436167583707 12 58099
1 1 6 3 126.69 4.84174315761396 4 12268
1 1 6 4 517.31 6.2486423079651 16 59634
1 1 6 5 246.62 5.50784869044238 13 84966
1 1 6 6 482.96 6.17993383448817 19 137005
1 1 6 7 203.6 5.31615728467637 12 33767
1 1 6 8 25.88 3.2534704696327 3 6279
1 1 6 9 9197.99 9.12674026090641 522 1939894
1 1 7 1 5430.48 8.59978280681118 214 1048698
1 1 7 2 659.54 6.49154262232721 24 143915
1 1 7 3 657.34 6.48820138843087 22 153830
1 1 7 4 2795.72 7.93584495527753 60 202413
1 1 7 5 1119.12 7.02029794116817 41 180345
1 1 7 6 2861.69 7.95916763838678 92 484604
1 1 7 7 1111 7.01301578963963 37 152801
1 1 7 8 166.61 5.11565575194098 6 14084
1 1 7 9 48264.64 10.7844544804338 1875 8977527
1 2 1 1 458.89 6.12881052992343 98 532092
1 2 1 2 72.78 4.28744119218401 5 9006
1 2 1 3 33.23 3.5034530823665 7 45498
1 2 1 4 1544.55 7.34248788477087 101 337480
1 2 1 5 200.9 5.30280727182089 43 191982
1 2 1 6 663.98 6.49825202854088 65 300632
1 2 1 7 124.73 4.82615140113762 10 23349
1 2 1 8 29.24 3.37553763488158 4 13581
1 2 1 9 11381 9.33970057728189 1326 6173598
1 2 2 1 364.78 5.89929443213585 40 211494
1 2 2 2 51.89 3.94912609337965 5 10811
1 2 2 3 29.39 3.38065448043083 4 36204
1 2 2 4 1053.01 6.95940800876505 33 135007
1 2 2 5 110.1 4.70138904372863 16 49061
1 2 2 6 470.62 6.15405097432773 30 64287
1 2 2 7 93.29 4.53571292097287 8 51080
1 2 2 8 17.88 2.88368276974537 1 600
1 2 2 9 7607.66 8.9369109134264 591 2510207
1 2 3 1 315.14 5.7530169845339 17 106975
1 2 3 2 64.53 4.16713023194775 4 16922
1 2 3 3 27.24 3.30468648128131 2 8255
1 2 3 4 726.13 6.58772906215575 29 93656
1 2 3 5 96.49 4.56943937603229 4 44966
1 2 3 6 365.81 5.90211407292592 16 43426
1 2 3 7 80.8 4.39197696552705 5 48691
1 2 3 8 13.3 2.58776403522771 1 1325
1 2 3 9 5898.98 8.68253473359217 320 1392652
1 2 4 1 320.47 5.76978866823547 16 136143
1 2 4 2 69.55 4.24204591836945 4 34137
1 2 4 3 33.37 3.50765729276328 1 2702
1 2 4 4 507.57 6.22963463243881 9 22292
1 2 4 5 72.4 4.28220629939167 7 20295
1 2 4 6 316.14 5.75618515344925 9 57404
1 2 4 7 72.05 4.27736032244553 3 8538
1 2 4 8 18.35 2.90962957450058 0 0
1 2 4 9 4957.56 8.50866896319515 269 1375988
1 2 5 1 473.63 6.16042642615821 27 136376
1 2 5 2 88.09 4.4783590191217 8 19038
1 2 5 3 46.27 3.83449380291891 2 3604
1 2 5 4 467.96 6.1483828221794 9 10597
1 2 5 5 126.88 4.84324175788654 10 26433
1 2 5 6 316.15 5.75621678450462 11 52950
1 2 5 7 101.11 4.61620903310331 7 21620
1 2 5 8 23.37 3.15145314855077 1 2680
1 2 5 9 5481.31 8.60909940246879 282 1079230
1 2 6 1 996.27 6.90401830518523 61 236220
1 2 6 2 175.14 5.16558565409408 10 25036
1 2 6 3 111.97 4.71823097827211 5 22261
1 2 6 4 601.61 6.3996093948379 16 88961
1 2 6 5 260.69 5.56333196193755 14 64368
1 2 6 6 593.18 6.38549789425373 17 65578
1 2 6 7 229.72 5.4368611759961 7 46244
1 2 6 8 46.66 3.84288726659328 7 14385
1 2 6 9 9830.72 9.19326745562677 413 1840742
1 2 7 1 6021.43 8.70308005162258 233 1086534
1 2 7 2 852.8 6.74852505341158 33 165960
1 2 7 3 751.59 6.62219096250136 24 100564
1 2 7 4 3293.99 8.09985487491027 60 201401
1 2 7 5 1289.09 7.16169182206888 53 272610
1 2 7 6 3665.27 8.2066572814572 97 524316
1 2 7 7 1369.91 7.2225003232336 35 159658
1 2 7 8 183.98 5.21482705604901 5 18603
1 2 7 9 55084.54 10.9166243750086 1744 8500391
1 3 1 1 453.06 6.11602456704339 72 329632
1 3 1 2 67.13 4.20663103795066 9 79565
1 3 1 3 35.22 3.56161410306806 5 11746
1 3 1 4 1653.17 7.4104499358482 89 338305
1 3 1 5 206.62 5.3308813574213 38 124108
1 3 1 6 859.95 6.7568742480225 64 213078
1 3 1 7 110.08 4.70120737418503 11 34844
1 3 1 8 25.92 3.25501487148407 5 25319
1 3 1 9 11436.08 9.34452854887069 1205 5173923
1 3 2 1 317.1 5.7592171815443 25 90162
1 3 2 2 54.58 3.99966751528019 8 19327
1 3 2 3 22.59 3.11750733047991 3 1209
1 3 2 4 1187.43 7.07954658680291 30 123124
1 3 2 5 129.53 4.86391251454216 13 99258
1 3 2 6 617.11 6.42504729002476 40 137828
1 3 2 7 102.5 4.62986279857846 7 14904
1 3 2 8 21.56 3.07083974604080 1 597
1 3 2 9 8351.79 9.03023116612815 425 1937445
1 3 3 1 357.43 5.87893953876611 18 37835
1 3 3 2 62.87 4.14106910239497 3 5014
1 3 3 3 18 2.89037175789616 0 0
1 3 3 4 849.23 6.74433005657204 25 61591
1 3 3 5 119.21 4.78088664372991 6 47495
1 3 3 6 463.6 6.1390221114656 20 53173
1 3 3 7 104.36 4.64784646026853 6 11936
1 3 3 8 14.21 2.65394594210901 1 31442
1 3 3 9 6540.44 8.78575972047562 304 1284025
1 3 4 1 338.37 5.82413997131994 19 136281
1 3 4 2 52.49 3.96062267526421 2 9253
1 3 4 3 27.97 3.33113250721387 0 0
1 3 4 4 571.94 6.34903409077303 23 142536
1 3 4 5 113.36 4.73056859538243 6 21433
1 3 4 6 406.33 6.00716563733407 21 131027
1 3 4 7 85.15 4.4444144071087 3 4079
1 3 4 8 16.16 2.78253905309295 1 1012
1 3 4 9 5123.78 8.54164772688801 217 994540
1 3 5 1 459.4 6.129921290255 16 61958
1 3 5 2 73.51 4.297421451386 2 5056
1 3 5 3 41.51 3.72593436206495 4 44278
1 3 5 4 517.24 6.24850698342765 8 18455
1 3 5 5 136.08 4.91324294808761 8 28248
1 3 5 6 417.71 6.0347874118438 11 15568
1 3 5 7 103.07 4.6354083690487 1 8347
1 3 5 8 26.11 3.26231838271104 1 1144
1 3 5 9 5849.14 8.67404992087208 242 1184032
1 3 6 1 1060.28 6.96628830316779 43 245621
1 3 6 2 124.82 4.8268726995059 7 12648
1 3 6 3 119.17 4.78055104510271 2 5855
1 3 6 4 639.97 6.46142130025505 12 64278
1 3 6 5 307.56 5.72867019016398 14 90310
1 3 6 6 740.33 6.60709603273982 24 117763
1 3 6 7 233.83 5.4545943556053 7 20303
1 3 6 8 53.41 3.97799799435168 3 6221
1 3 6 9 10263.04 9.23630437113398 393 2026554
1 3 7 1 7155.96 8.87570085489806 197 980780
1 3 7 2 999.32 6.90707504767727 32 168854
1 3 7 3 1049.99 6.9565359192967 19 41459
1 3 7 4 3712.23 8.21938805319347 67 229231
1 3 7 5 1862.44 7.5296427349697 74 388511
1 3 7 6 4964 8.5099671463245 121 622350
1 3 7 7 1785.23 7.48730253745371 58 253660
1 3 7 8 331.45 5.8034769686874 8 94395
1 3 7 9 65617.47 11.0915972504533 1865 9884008
1 4 1 1 868.6 6.76688272010072 115 627513
1 4 1 2 122.54 4.80843750729751 10 113492
1 4 1 3 55.08 4.00878667386045 3 33925
1 4 1 4 2751.7 7.91997418148313 98 578698
1 4 1 5 328.36 5.79411056748007 36 149698
1 4 1 6 1730.51 7.45617144173539 105 604161
1 4 1 7 231.91 5.44634936536712 13 55103
1 4 1 8 48.77 3.88711536972196 4 34267
1 4 1 9 20153.28 9.91112233328407 1446 6605073
1 4 2 1 622.23 6.4333097993089 41 300510
1 4 2 2 94.03 4.54361388028899 5 11936
1 4 2 3 36.73 3.60359385983158 2 6387
1 4 2 4 2037.95 7.61969967962499 48 152944
1 4 2 5 189.27 5.24317456705083 17 40047
1 4 2 6 1217.01 7.10415230988064 65 344450
1 4 2 7 155.5 5.04664573161929 16 113524
1 4 2 8 27.27 3.3057871968575 0 0
1 4 2 9 14648.2 9.59207274000226 645 3150912
1 4 3 1 613.17 6.4186422221218 32 168882
1 4 3 2 108.4 4.68582808900555 5 43676
1 4 3 3 37.2 3.6163087612791 0 0
1 4 3 4 1447.58 7.27764847562288 25 66208
1 4 3 5 168.81 5.1287738221133 8 30465
1 4 3 6 933.44 6.83887668667936 40 374818
1 4 3 7 153.11 5.031156617317 5 38157
1 4 3 8 32.44 3.47939222924721 2 8234
1 4 3 9 11314.54 9.33384390324212 427 2035982
1 4 4 1 573.86 6.3523854641315 29 214513
1 4 4 2 103.82 4.64265863039908 4 12077
1 4 4 3 49.14 3.89467336709303 2 12947
1 4 4 4 970.81 6.87813077458225 20 77705
1 4 4 5 135.49 4.90889783685834 6 16781
1 4 4 6 740.62 6.60748767324586 25 87155
1 4 4 7 123.63 4.81729323401884 3 11469
1 4 4 8 36.98 3.61037722595898 1 2572
1 4 4 9 8785.71 9.0808818169343 291 1189357
1 4 5 1 783.1 6.66326040175689 28 97770
1 4 5 2 127.17 4.84552477403266 7 21026
1 4 5 3 86.26 4.4573659912197 4 15583
1 4 5 4 886.11 6.78684109639754 16 71474
1 4 5 5 200.68 5.30171159961605 14 74804
1 4 5 6 825.58 6.71608616962767 16 76879
1 4 5 7 185.36 5.22229988012412 3 6085
1 4 5 8 53.05 3.97123486505999 1 6827
1 4 5 9 9849.89 9.19521556659109 324 1672294
1 4 6 1 1839.13 7.51704791269857 72 505590
1 4 6 2 298.73 5.69954015539807 5 16182
1 4 6 3 234.01 5.45536384948732 8 42369
1 4 6 4 1047.27 6.95394205728145 22 147524
1 4 6 5 481.63 6.17717618441333 16 70430
1 4 6 6 1317.07 7.1831648514318 34 162323
1 4 6 7 360.55 5.88763064336277 9 127814
1 4 6 8 90.61 4.50656458223397 7 80134
1 4 6 9 17332.9 9.76036170858295 535 2833885
1 4 7 1 15297.44 9.6354407731195 389 2505764
1 4 7 2 2085.44 7.64273514314402 65 296375
1 4 7 3 2140.94 7.66900026390928 38 253490
1 4 7 4 6923.74 8.84271136504224 100 435674
1 4 7 5 3721.62 8.22191433634258 115 641018
1 4 7 6 10409.88 9.25051063416505 194 1070372
1 4 7 7 3252.99 8.08732985238317 86 317119
1 4 7 8 768.54 6.6444926110711 23 160411
1 4 7 9 127687.27 11.7573393502857 2894 15540162
1 5 1 1 161.19 5.08258379340884 22 112479
1 5 1 2 15.53 2.74277363716060 2 1668
1 5 1 3 6.07 1.80335860507141 0 0
1 5 1 4 454.21 6.11855964616181 15 61507
1 5 1 5 69.38 4.2395986415416 13 83497
1 5 1 6 301.14 5.7075752728949 21 87734
1 5 1 7 47.82 3.86744396203018 6 51950
1 5 1 8 10.84 2.3832429960115 0 0
1 5 1 9 3645.26 8.2011829724887 407 1855941
1 5 2 1 132.69 4.88801558054834 7 27325
1 5 2 2 17.31 2.85128436918812 1 1554
1 5 2 3 4.2 1.43508452528932 0 0
1 5 2 4 324.26 5.78154566312192 10 22854
1 5 2 5 51.8 3.94739014926544 4 40692
1 5 2 6 218.84 5.38834086919563 12 88266
1 5 2 7 39.68 3.68084728241667 3 38808
1 5 2 8 12.15 2.49732916978656 1 1029
1 5 2 9 2694.25 7.89887515147694 174 616744
1 5 3 1 122.86 4.81104549573578 8 51943
1 5 3 2 21.15 3.05163990549229 0 0
1 5 3 3 5.15 1.63899671467564 0 0
1 5 3 4 240.23 5.4815967977671 6 13492
1 5 3 5 38.15 3.64152575773047 6 16170
1 5 3 6 173.78 5.15779013141106 4 17523
1 5 3 7 30.43 3.41542896390888 2 6421
1 5 3 8 4.82 1.57277392806251 1 31442
1 5 3 9 1993.33 7.59756188603437 117 481752
1 5 4 1 116.24 4.75565701926203 3 7229
1 5 4 2 16.48 2.80214752448133 1 1000
1 5 4 3 9.31 2.23108909128898 1 9867
1 5 4 4 160.66 5.07929033074567 8 22404
1 5 4 5 27.77 3.32395630131871 4 8119
1 5 4 6 145.54 4.98045096291894 8 33299
1 5 4 7 30.23 3.40883480879137 0 0
1 5 4 8 7.77 2.05027016437956 1 2700
1 5 4 9 1592.59 7.37311690076307 74 364037
1 5 5 1 185.95 5.22547782037108 11 53110
1 5 5 2 23.75 3.16758253048065 2 4900
1 5 5 3 15.57 2.74534598584591 0 0
1 5 5 4 140.66 4.94634563087987 2 4876
1 5 5 5 41.71 3.73074090820885 1 7056
1 5 5 6 141.81 4.95448813347326 2 3200
1 5 5 7 44.08 3.78600616484466 3 64516
1 5 5 8 9.68 2.27006190128849 0 0
1 5 5 9 1752.09 7.46856464003996 86 299385
1 5 6 1 394.91 5.97865789083853 9 25994
1 5 6 2 55.35 4.01367665915465 3 7232
1 5 6 3 40.03 3.68962917300448 1 1373
1 5 6 4 177.67 5.17992789704781 4 6211
1 5 6 5 92.95 4.53206171416745 7 21706
1 5 6 6 244.32 5.49847884147032 8 41753
1 5 6 7 92.99 4.53249196049011 5 6674
1 5 6 8 22.62 3.11883447068797 2 1522
1 5 6 9 3251.89 8.08699164475736 165 774028
1 5 7 1 2257.49 7.72200885560248 80 452280
1 5 7 2 284.44 5.65052233501532 7 45614
1 5 7 3 300.78 5.70637910050347 9 55124
1 5 7 4 946.25 6.85250680475166 19 68243
1 5 7 5 583.99 6.36988385939395 18 113925
1 5 7 6 1332.39 7.19472960103768 38 138432
1 5 7 7 541.88 6.29504457471254 13 93691
1 5 7 8 125.14 4.82943311057022 5 46879
1 5 7 9 17722.19 9.78257280568735 589 2700050
1 6 1 1 340.1 5.82923969201315 31 75947
1 6 1 2 38.25 3.64414356027254 3 5658
1 6 1 3 16.23 2.7868613815265 0 0
1 6 1 4 767.66 6.64334692679007 30 187167
1 6 1 5 134.82 4.90394055542529 31 164961
1 6 1 6 585.23 6.37200493235694 44 309679
1 6 1 7 80.16 4.38402463733655 7 8237
1 6 1 8 29.87 3.39685463222802 4 35088
1 6 1 9 6744.61 8.81649894636232 542 2708623
1 6 2 1 233.67 5.45390986359997 20 159609
1 6 2 2 33.6 3.51452606696916 2 5403
1 6 2 3 14.01 2.63977136034892 0 0
1 6 2 4 563.21 6.33365256036802 7 12459
1 6 2 5 84.85 4.44088499168024 10 55348
1 6 2 6 436.38 6.0785134233945 14 72563
1 6 2 7 63.25 4.14709512760763 3 63976
1 6 2 8 13.61 2.61080481666337 0 0
1 6 2 9 4721.76 8.45993689043256 227 970016
1 6 3 1 230.77 5.44142154351649 10 97153
1 6 3 2 37.88 3.63442326831788 1 789
1 6 3 3 14.41 2.66792241001143 0 0
1 6 3 4 386.7 5.95764919861325 10 57758
1 6 3 5 76.88 4.34224576466204 5 14166
1 6 3 6 294.37 5.68483747948843 15 106215
1 6 3 7 57.46 4.05108905355114 3 41564
1 6 3 8 12.76 2.54631527791664 0 0
1 6 3 9 3558.48 8.17708876637788 131 785697
1 6 4 1 186.52 5.22853847194012 12 81889
1 6 4 2 31.99 3.46542335396143 3 2985
1 6 4 3 15.77 2.75810940097495 0 0
1 6 4 4 283.49 5.64717684917708 6 73962
1 6 4 5 57.53 4.0523065508752 5 20515
1 6 4 6 219.19 5.38993893359526 5 14794
1 6 4 7 45.35 3.81441017656115 4 38560
1 6 4 8 24.46 3.19703913025903 2 3138
1 6 4 9 2708.07 7.90399148303338 99 517218
1 6 5 1 253.84 5.53670414727494 20 105565
1 6 5 2 47.01 3.85036034503604 2 5207
1 6 5 3 28.29 3.34250838531348 0 0
1 6 5 4 259.21 5.55763854398083 1 31442
1 6 5 5 72.82 4.28799064274729 1 1742
1 6 5 6 252.17 5.53010346324359 8 74154
1 6 5 7 64.53 4.16713023194775 3 8546
1 6 5 8 22.19 3.0996417369445 1 2198
1 6 5 9 2936.87 7.98509966736574 87 641508
1 6 6 1 560.62 6.32904331415568 17 107765
1 6 6 2 88.23 4.47994704123401 0 0
1 6 6 3 55.88 4.02320653438876 3 4731
1 6 6 4 274.15 5.61367540185006 3 10929
1 6 6 5 186 5.2257466737132 9 16980
1 6 6 6 424.38 6.05062928027595 12 62560
1 6 6 7 141.38 4.95145130074281 4 39806
1 6 6 8 60.89 4.10906895762048 3 4512
1 6 6 9 5248.1 8.56562138532043 187 1066083
1 6 7 1 4492.77 8.41022471701872 136 727249
1 6 7 2 606.55 6.40778716521693 16 114290
1 6 7 3 561.04 6.32979220422865 21 128950
1 6 7 4 1799.95 7.49551416572067 29 191942
1 6 7 5 1203.92 7.09333817847846 48 118462
1 6 7 6 2874.45 7.96361663058261 70 422565
1 6 7 7 914.58 6.8184649435018 27 208821
1 6 7 8 347.4 5.850476853807 15 131927
1 6 7 9 34969.21 10.4622232390101 886 5181284
1 7 1 1 23.96 3.17638577324725 4 9848
1 7 1 2 4.05 1.39871688111845 0 0
1 7 1 4 92.39 4.52601874768265 5 4642
1 7 1 5 7.36 1.99605993274078 0 0
1 7 1 6 29.72 3.39182021984956 0 0
1 7 1 7 4.29 1.45628673293993 1 1504
1 7 1 8 1.04 0.0392207131532813 0 0
1 7 1 9 560.17 6.32824030908928 38 108198
1 7 2 1 20.83 3.03639425527288 1 2772
1 7 2 2 3.41 1.22671229129543 0 0
1 7 2 3 0.23 -1.46967597005894 0 0
1 7 2 4 48.63 3.88424062441569 1 1980
1 7 2 5 2.1 0.741937344729377 0 0
1 7 2 6 20.84 3.03687421688517 5 12647
1 7 2 7 2.22 0.797507195884188 0 0
1 7 2 8 0.47 -0.755022584278033 0 0
1 7 2 9 413.54 6.02475424497262 19 45789
1 7 3 1 17.42 2.85761897142436 0 0
1 7 3 2 2.38 0.867100487683383 0 0
1 7 3 3 0.5 -0.693147180559945 0 0
1 7 3 4 46.18 3.83254680392635 1 756
1 7 3 5 3.31 1.19694818938897 0 0
1 7 3 6 13.92 2.63332665490627 1 2199
1 7 3 7 3.7 1.30833281965018 0 0
1 7 3 8 0.3 -1.20397280432594 0 0
1 7 3 9 285.04 5.65262952129758 7 15229
1 7 4 1 13.24 2.58324255050886 0 0
1 7 4 2 2.31 0.837247524533702 1 5000
1 7 4 3 0.8 -0.223143551314210 0 0
1 7 4 4 27.66 3.31998732623661 0 0
1 7 4 5 4.74 1.55603713570699 0 0
1 7 4 6 11.37 2.43097830776244 0 0
1 7 4 7 2.64 0.970778917158225 0 0
1 7 4 9 225.35 5.41765474913666 5 9681
1 7 5 1 19.87 2.98921105656373 0 0
1 7 5 2 5.74 1.74745921033147 1 3900
1 7 5 3 1.69 0.524728528934982 0 0
1 7 5 4 29.05 3.36901848329792 1 2913
1 7 5 5 3.59 1.27815220250019 0 0
1 7 5 6 14.42 2.66861613185680 1 3174
1 7 5 7 2.42 0.883767540168595 0 0
1 7 5 8 0.9 -0.105360515657826 0 0
1 7 5 9 278.75 5.63031532277433 13 31522
1 7 6 1 41.17 3.71770983578181 1 3325
1 7 6 2 7.55 2.02154756326093 2 7963
1 7 6 3 1.56 0.444685821261446 0 0
1 7 6 4 36.23 3.58988750490699 1 1327
1 7 6 5 9.82 2.28442112236637 0 0
1 7 6 6 21.9 3.08648663682246 0 0
1 7 6 7 6.58 1.88403474533723 0 0
1 7 6 8 0.1 -2.30258509299405 0 0
1 7 6 9 456.61 6.12382963486332 15 103527
1 7 7 1 294.57 5.68551666584931 3 8171
1 7 7 2 50.12 3.91442013002787 1 1510
1 7 7 3 26.06 3.2604015716967 0 0
1 7 7 4 216.41 5.37717475662553 4 65435
1 7 7 5 60.68 4.10561415448033 0 0
1 7 7 6 208.35 5.33921935786846 5 74182
1 7 7 7 46.47 3.83880694309689 0 0
1 7 7 8 9.5 2.25129179860650 0 0
1 7 7 9 3315.16 8.10626116691525 77 340189
2 1 1 1 638.51 6.45913733705708 148 578831
2 1 1 2 94.77 4.5514529034821 29 137355
2 1 1 3 126.87 4.84316294015251 29 137680
2 1 1 4 398.58 5.9879082309052 55 162678
2 1 1 5 167.88 5.12324943846539 41 73435
2 1 1 6 354.26 5.87003110682445 48 166416
2 1 1 7 95.57 4.55985896327809 11 21295
2 1 1 8 25.93 3.25540059955057 5 2059
2 1 1 9 6792.88 8.82363028379164 1410 6556534
2 1 2 1 605.01 6.40524498681986 86 484085
2 1 2 2 96.42 4.56871364897748 12 93305
2 1 2 3 94.57 4.54934030102742 12 62554
2 1 2 4 319.2 5.76581786557565 20 43734
2 1 2 5 152.42 5.02663986823797 24 109785
2 1 2 6 349.2 5.85564482396545 27 92572
2 1 2 7 94.39 4.54743513533685 8 76099
2 1 2 8 16.52 2.80457176809283 3 39939
2 1 2 9 5941.02 8.6896361147867 722 3249461
2 1 3 1 599.51 6.39611265489559 78 450864
2 1 3 2 121.49 4.79983195486665 17 142141
2 1 3 3 91.96 4.52135369989498 13 93038
2 1 3 4 234.48 5.45737029640264 13 65170
2 1 3 5 134.82 4.90394055542529 19 111059
2 1 3 6 318.69 5.76421884346003 21 162284
2 1 3 7 88.04 4.47779125665826 11 30153
2 1 3 8 22.47 3.11218108619724 5 47551
2 1 3 9 5162.92 8.54925758989228 484 2522341
2 1 4 1 597.21 6.39226881033395 55 213704
2 1 4 2 129.44 4.86321745331018 7 47589
2 1 4 3 94.8 4.55176940926098 9 47251
2 1 4 4 182.93 5.20910356600321 12 59369
2 1 4 5 111.64 4.71527940866812 11 20942
2 1 4 6 263.94 5.57572180458868 9 44772
2 1 4 7 107.37 4.67628081344604 9 61695
2 1 4 8 23.1 3.13983261752775 3 40634
2 1 4 9 4712.87 8.45805234326302 407 1631427
2 1 5 1 779.53 6.65869117396636 55 232521
2 1 5 2 157.99 5.06253173988476 13 31952
2 1 5 3 137.19 4.92136682633807 6 50067
2 1 5 4 156.34 5.05203312279218 11 18221
2 1 5 5 149.71 5.00870008946175 15 32164
2 1 5 6 295.12 5.68738205328842 13 59509
2 1 5 7 132.79 4.88876893300224 8 55603
2 1 5 8 29.02 3.36798524745604 2 2802
2 1 5 9 5373.06 8.58915285761231 363 1597528
2 1 6 1 1557.98 7.35114538937782 107 435444
2 1 6 2 329.74 5.79830446513303 29 133272
2 1 6 3 320.71 5.7705372880028 13 150031
2 1 6 4 210.91 5.35143150219752 4 15193
2 1 6 5 336.02 5.81717068200126 30 194477
2 1 6 6 576.63 6.35720081298715 24 137963
2 1 6 7 269.81 5.597718007579 9 87411
2 1 6 8 56.96 4.04234926710372 9 144950
2 1 6 9 9805.53 9.19070179122363 618 2918359
2 1 7 1 8009.92 8.98843605249692 390 1992027
2 1 7 2 1407.85 7.24981899695192 67 332194
2 1 7 3 1538.74 7.33871917869607 49 397236
2 1 7 4 806 6.69208374250663 31 209824
2 1 7 5 1380.85 7.2304545305658 83 398103
2 1 7 6 2848.53 7.95455835072386 111 493340
2 1 7 7 1496.62 7.31096451118118 74 282000
2 1 7 8 267.8 5.59024043325707 14 95457
2 1 7 9 44511.41 10.7035008397827 2127 10315455
2 2 1 1 679.46 6.52129836504465 113 582788
2 2 1 2 98.43 4.58934563564112 22 91135
2 2 1 3 60.48 4.10231273187128 11 90425
2 2 1 4 434.05 6.07315973483782 45 153794
2 2 1 5 211.77 5.35550078007549 34 255298
2 2 1 6 516.01 6.24612614513874 51 253258
2 2 1 7 118.76 4.77710464989556 16 69025
2 2 1 8 25.01 3.21927574488953 5 7797
2 2 1 9 7185.14 8.87977028336157 1157 5121951
2 2 2 1 638.08 6.45846366733342 83 350944
2 2 2 2 117.12 4.763199050213 19 141774
2 2 2 3 52.69 3.96442568422119 11 58588
2 2 2 4 408.69 6.01295692244608 22 136288
2 2 2 5 168.09 5.1244995502453 33 150740
2 2 2 6 523.36 6.26026956379007 22 100822
2 2 2 7 141.28 4.95074373685565 15 57916
2 2 2 8 25.84 3.2519236789144 5 42167
2 2 2 9 6506.72 8.7805907679867 559 2457197
2 2 3 1 687.29 6.53275632833453 60 382872
2 2 3 2 111.63 4.71518983102664 11 55353
2 2 3 3 68.91 4.23280130536912 5 7480
2 2 3 4 294.06 5.68378382814951 14 88500
2 2 3 5 154.39 5.03948186865384 20 42607
2 2 3 6 446.83 6.10217820907706 25 116227
2 2 3 7 139.62 4.93892444654226 9 18627
2 2 3 8 28.91 3.36418755602825 2 4521
2 2 3 9 5783.55 8.66277295998208 453 1907609
2 2 4 1 661.35 6.49428320047206 50 257851
2 2 4 2 139.58 4.93863791358901 15 29492
2 2 4 3 67.99 4.21936063553837 3 4835
2 2 4 4 198.46 5.2905875684861 6 11144
2 2 4 5 151.85 5.02289319149176 10 18943
2 2 4 6 390.18 5.96660817110912 15 37755
2 2 4 7 120.11 4.7884079895664 9 55231
2 2 4 8 33.1 3.49953328238302 1 1878
2 2 4 9 5316.84 8.57863442089433 344 1682243
2 2 5 1 848.62 6.74361150072052 70 265184
2 2 5 2 204.12 5.31870805619577 19 116076
2 2 5 3 129.16 4.86105194589007 6 20054
2 2 5 4 149.52 5.00743016314731 7 40010
2 2 5 5 214.27 5.36723690201263 14 21497
2 2 5 6 431.35 6.06691982552259 18 89520
2 2 5 7 176.7 5.17445337932565 10 25944
2 2 5 8 50.75 3.9269116179219 3 10388
2 2 5 9 6273.26 8.74405143471112 344 1437097
2 2 6 1 1741.3 7.46238723968534 99 502889
2 2 6 2 358.55 5.88206812032858 22 108381
2 2 6 3 286.92 5.65920343125823 14 49960
2 2 6 4 192.9 5.26217191991168 7 11847
2 2 6 5 398.56 5.98785805151387 21 135284
2 2 6 6 710.28 6.56565925849063 32 75776
2 2 6 7 356.8 5.87717540070585 12 25779
2 2 6 8 103.3 4.63763737612559 9 27406
2 2 6 9 11001.9 9.3058232641376 622 3029300
2 2 7 1 9358.84 9.14407663016755 359 2466406
2 2 7 2 2021.95 7.61181767128259 107 520377
2 2 7 3 1795.27 7.49291070743805 53 328548
2 2 7 4 859.65 6.75652532966586 23 95241
2 2 7 5 1856.01 7.52618430126267 77 323882
2 2 7 6 3817.88 8.24745057372366 96 503384
2 2 7 7 2125.92 7.661959928843 91 463818
2 2 7 8 407.26 6.00945180212237 10 89166
2 2 7 9 54421.4 10.9045127378424 2087 9950131
2 3 1 1 703.88 6.55660788708356 120 547349
2 3 1 2 88.45 4.48243742060579 10 20304
2 3 1 3 39.68 3.68084728241667 3 5422
2 3 1 4 461.44 6.13435203465653 33 121470
2 3 1 5 209.99 5.34705991053603 53 234736
2 3 1 6 633.85 6.45181233338474 52 241224
2 3 1 7 142 4.95582705760126 14 68256
2 3 1 8 23.45 3.15487049489229 2 8396
2 3 1 9 7304.73 8.8962773625161 1003 4387841
2 3 2 1 700.59 6.55192283718165 74 286946
2 3 2 2 96.84 4.57306013206986 7 20675
2 3 2 3 44.37 3.79256356539082 1 31442
2 3 2 4 422.88 6.04708845085598 17 149825
2 3 2 5 177.47 5.17880158054647 27 154791
2 3 2 6 669.34 6.50629215225327 42 114629
2 3 2 7 151.12 5.01807422319325 17 36169
2 3 2 8 27.39 3.31017798327499 1 31442
2 3 2 9 6988.9 8.85207845517617 556 2634269
2 3 3 1 724.49 6.58546795904298 49 189534
2 3 3 2 121.33 4.79851410606378 9 32584
2 3 3 3 55.59 4.01800332896538 0 0
2 3 3 4 275.9 5.62003848122324 7 40454
2 3 3 5 162.92 5.09325928278021 17 33909
2 3 3 6 576.1 6.35628125673834 21 55806
2 3 3 7 140.05 4.94199950170612 13 76834
2 3 3 8 36.78 3.60495421917618 0 0
2 3 3 9 6034.63 8.7052698226215 404 2107152
2 3 4 1 679.01 6.52063585499075 38 197187
2 3 4 2 119.96 4.78715835388081 13 62674
2 3 4 3 69.04 4.23468604677517 2 2597
2 3 4 4 173.48 5.15606231896717 11 46956
2 3 4 5 155.48 5.04651710598402 8 45486
2 3 4 6 468.53 6.14960013377993 19 75634
2 3 4 7 147.89 4.99646875417868 9 84248
2 3 4 8 41.4 3.72328088083127 4 35685
2 3 4 9 5496.81 8.6119232029555 323 1473149
2 3 5 1 946.01 6.85225313982053 50 199324
2 3 5 2 172.42 5.14993336078178 12 27067
2 3 5 3 104.52 4.64937844065241 4 34911
2 3 5 4 188.53 5.23925714541849 4 33175
2 3 5 5 209.61 5.34524866123247 9 81779
2 3 5 6 515.69 6.24550580975004 17 77953
2 3 5 7 189.16 5.24259321777568 10 21942
2 3 5 8 55.8 4.02177386938726 6 23456
2 3 5 9 6442.14 8.77061606203625 324 1506141
2 3 6 1 1702.76 7.44000574295692 86 491502
2 3 6 2 332.17 5.80564688605732 10 21654
2 3 6 3 306.21 5.72427114108352 11 72861
2 3 6 4 193.65 5.26605240596076 6 11444
2 3 6 5 452.37 6.11450042904581 30 201310
2 3 6 6 834.26 6.72654510437415 38 182641
2 3 6 7 367 5.90536184805457 17 76297
2 3 6 8 126.83 4.84284760707934 8 27834
2 3 6 9 10730.07 9.2808053593686 492 2038707
2 3 7 1 10469.92 9.25626166295669 325 1401833
2 3 7 2 2071.24 7.6359027407267 68 353788
2 3 7 3 2180.19 7.68716730794858 59 324185
2 3 7 4 917.17 6.82129284220635 19 73569
2 3 7 5 2435.19 7.79778006122004 86 468488
2 3 7 6 4857.97 8.48837593416224 121 605098
2 3 7 7 2416.4 7.79003410826459 83 349608
2 3 7 8 704.42 6.55737476917752 22 134382
2 3 7 9 60140.2 11.0044337821107 2044 10518198
2 4 1 1 1493.99 7.30920567222993 226 1107859
2 4 1 2 131.48 4.87885474879602 14 103393
2 4 1 3 88.79 4.48627403104424 8 112948
2 4 1 4 774.1 6.65170106421067 39 121494
2 4 1 5 372.41 5.91999539788878 66 369471
2 4 1 6 1295.44 7.16660568476522 109 492597
2 4 1 7 240.77 5.48384212095574 23 51380
2 4 1 8 44.59 3.79750961863939 8 20312
2 4 1 9 13502.14 9.5106034703823 1442 7243260
2 4 2 1 1402.82 7.24623977536428 119 614064
2 4 2 2 157.16 5.05726439469026 13 37643
2 4 2 3 87.93 4.47654104339091 4 16203
2 4 2 4 727.28 6.5893115478136 35 212362
2 4 2 5 317.39 5.76013130160985 38 204612
2 4 2 6 1299.16 7.16947318075611 65 566535
2 4 2 7 250.94 5.52521386673155 18 128549
2 4 2 8 52.96 3.96953691162875 5 35588
2 4 2 9 12692.5 9.44876654682155 849 4327298
2 4 3 1 1388.66 7.23609453237316 99 691234
2 4 3 2 177.33 5.17801240350439 5 45982
2 4 3 3 107.04 4.67320259637992 4 14953
2 4 3 4 497.4 6.2093945313693 15 38416
2 4 3 5 280.1 5.63514668226606 23 235331
2 4 3 6 1084.19 6.98858844339318 46 166621
2 4 3 7 246.24 5.50630667009057 10 35221
2 4 3 8 61.36 4.116758157059 6 83511
2 4 3 9 10957.97 9.30182232436875 580 3353774
2 4 4 1 1335.57 7.19711344600231 82 358249
2 4 4 2 229.51 5.43594660153607 8 18246
2 4 4 3 126.18 4.83770945894266 2 1916
2 4 4 4 364.11 5.89745601978638 11 34707
2 4 4 5 318.83 5.76465804537448 12 40334
2 4 4 6 873.94 6.77301172341344 33 170727
2 4 4 7 241.3 5.48604097263099 12 86801
2 4 4 8 76.9 4.3425058765116 4 19358
2 4 4 9 9689.88 9.1788373209072 445 2107274
2 4 5 1 1685.23 7.42965733198771 82 547932
2 4 5 2 323.48 5.77913728822762 15 38665
2 4 5 3 223.59 5.40981401756171 5 16820
2 4 5 4 349.22 5.85570209609398 3 6779
2 4 5 5 390.21 5.96668505574376 15 161309
2 4 5 6 986.77 6.89443698289595 31 230920
2 4 5 7 329.99 5.79906235097108 8 51133
2 4 5 8 115.65 4.75056838867745 5 25988
2 4 5 9 10932.73 9.29951632125466 441 2172831
2 4 6 1 3057.73 8.02542808958899 116 579356
2 4 6 2 665.09 6.49992236984431 29 142262
2 4 6 3 570.12 6.34584686498683 18 110476
2 4 6 4 347.66 5.8512249906934 10 62709
2 4 6 5 722.62 6.58288349616057 37 134350
2 4 6 6 1508.43 7.31882465381013 41 206813
2 4 6 7 656.37 6.48672465433236 17 45923
2 4 6 8 259.31 5.55802425716929 13 74790
2 4 6 9 19012.21 9.85283668332827 728 3816718
2 4 7 1 21848.06 9.99186740939657 605 3502535
2 4 7 2 4430.43 8.39625192379139 153 836130
2 4 7 3 4695.14 8.45428321015412 91 528367
2 4 7 4 1818.17 7.50558577971663 33 101358
2 4 7 5 4808.39 8.47811758773407 127 850044
2 4 7 6 10510.83 9.26016143316007 242 1174270
2 4 7 7 4635.35 8.44146698755465 135 697806
2 4 7 8 1853.07 7.52459900215036 49 319803
2 4 7 9 121293.07 11.7059649622201 3338 18245026
2 5 1 1 217.27 5.38114081974715 47 161646
2 5 1 2 24.81 3.21124679770371 1 4656
2 5 1 3 14.58 2.67965072658051 1 2810
2 5 1 4 96.11 4.56549336883519 4 43315
2 5 1 5 58.14 4.06285389513073 13 32595
2 5 1 6 182.69 5.20779072734848 15 61055
2 5 1 7 40.3 3.69635146895264 5 35437
2 5 1 8 5.82 1.76130026174335 2 6656
2 5 1 9 1933.36 7.56701470087472 250 1001018
2 5 2 1 211.17 5.35266349628815 20 113635
2 5 2 2 27.01 3.29620716780452 5 39053
2 5 2 3 11.46 2.43886271128659 0 0
2 5 2 4 89.19 4.49076892567812 4 23893
2 5 2 5 58.24 4.06457240388843 10 24691
2 5 2 6 208.24 5.33869126068631 12 29123
2 5 2 7 56.58 4.03565556587342 2 1758
2 5 2 8 8.09 2.0906287310704 1 4834
2 5 2 9 1976.19 7.58892602753148 176 1044585
2 5 3 1 231.22 5.44336963824718 23 64911
2 5 3 2 32.05 3.46729718336668 1 2536
2 5 3 3 14.51 2.67483806689610 2 1453
2 5 3 4 56.66 4.03706849440237 3 5473
2 5 3 5 48.09 3.87307425528957 7 8258
2 5 3 6 175.31 5.16655583536578 7 16559
2 5 3 7 46.96 3.84929617551984 4 7541
2 5 3 8 12.26 2.50634193050807 0 0
2 5 3 9 1710.73 7.44467545898537 101 352227
2 5 4 1 229.87 5.43751393173633 16 70312
2 5 4 2 30.72 3.42491390827947 1 963
2 5 4 3 17.05 2.83615020372953 1 2320
2 5 4 4 35.98 3.58296322852239 1 2762
2 5 4 5 51.82 3.94777617513396 4 37247
2 5 4 6 151.72 5.0220367168207 7 16448
2 5 4 7 50.32 3.91840261239218 5 17564
2 5 4 8 11.86 2.47317139356958 2 36323
2 5 4 9 1513.6 7.32224619829761 94 391430
2 5 5 1 290.33 5.67101820706223 17 99863
2 5 5 2 56.82 4.03988837642604 2 9871
2 5 5 3 32.05 3.46729718336668 0 0
2 5 5 4 41.54 3.72665681844797 0 0
2 5 5 5 77.17 4.34601078046951 5 49022
2 5 5 6 167.47 5.12080423074639 7 20196
2 5 5 7 81.9 4.40549899085902 6 72912
2 5 5 8 28.4 3.34638914516716 2 8215
2 5 5 9 1872.74 7.53515787807271 116 725258
2 5 6 1 608.43 6.41088186883415 29 81371
2 5 6 2 128.85 4.85864893709837 8 16730
2 5 6 3 96.56 4.57016457678928 3 13046
2 5 6 4 43.29 3.76792166145389 1 390
2 5 6 5 149.8 5.00930107108312 7 12686
2 5 6 6 265.29 5.58082356725575 11 45599
2 5 6 7 135.47 4.90875021359265 16 41245
2 5 6 8 55.22 4.01132520650201 6 70624
2 5 6 9 3457.83 8.14839650366983 162 764745
2 5 7 1 3359.9 8.1196664906096 122 604369
2 5 7 2 606.13 6.40709448451502 27 142803
2 5 7 3 610.72 6.41463858899692 16 109950
2 5 7 4 207.66 5.33590212687531 6 36294
2 5 7 5 728.55 6.59105625745986 34 120719
2 5 7 6 1353.85 7.21070766446976 50 293518
2 5 7 7 736.44 6.601827766189 18 47691
2 5 7 8 257.73 5.55191252531807 7 51190
2 5 7 9 16948.62 9.73794169356494 616 3131530
2 6 1 1 572.91 6.35072863631543 85 404731
2 6 1 2 44.41 3.79346466930401 2 2524
2 6 1 3 23.13 3.14113047624335 1 5192
2 6 1 4 197.5 5.28573858434118 8 46327
2 6 1 5 138.07 4.92776080292806 19 118047
2 6 1 6 444.98 6.09802933733601 50 355284
2 6 1 7 84.17 4.43283856322349 14 66584
2 6 1 8 30.55 3.41936468561760 3 5871
2 6 1 9 4295.2 8.36525339910836 484 2540690
2 6 2 1 503.2 6.22098770538623 51 272422
2 6 2 2 54.76 4.00296000042025 3 7805
2 6 2 3 20.94 3.04166120544239 0 0
2 6 2 4 155.64 5.04754564811635 8 54065
2 6 2 5 121.24 4.7977720521896 14 77633
2 6 2 6 455.65 6.12172497094214 33 155704
2 6 2 7 86.44 4.45945053163869 4 7725
2 6 2 8 35.3 3.56388296393925 3 44018
2 6 2 9 3990.8 8.29174699103935 284 1423093
2 6 3 1 507.75 6.2299892004605 35 169303
2 6 3 2 55.57 4.01764348729183 1 8610
2 6 3 3 22.76 3.12500460925813 0 0
2 6 3 4 106.79 4.67086428918345 3 6486
2 6 3 5 104.27 4.6469836888015 7 18043
2 6 3 6 372.07 5.91908200861402 10 53188
2 6 3 7 76.26 4.33414855442942 3 4736
2 6 3 8 35.48 3.56896915744138 2 2289
2 6 3 9 3470.02 8.15191563661306 224 1013321
2 6 4 1 455 6.12029741895095 23 67152
2 6 4 2 70.27 4.25234496520411 3 6864
2 6 4 3 28.52 3.35060559554610 0 0
2 6 4 4 92.99 4.53249196049011 2 32158
2 6 4 5 89.64 4.49580164893273 3 4864
2 6 4 6 285.72 5.65501231028677 10 49974
2 6 4 7 90.15 4.50147494964933 5 54362
2 6 4 8 42.98 3.76073489121436 3 6623
2 6 4 9 2926.5 7.98156244873128 138 597450
2 6 5 1 518.47 6.25088216678642 21 118651
2 6 5 2 96.83 4.57295686362344 4 9580
2 6 5 3 58.16 4.06319783322526 1 3521
2 6 5 4 77.26 4.34717635723814 0 0
2 6 5 5 122.15 4.80524979770375 12 40820
2 6 5 6 301.84 5.70989707565605 9 81184
2 6 5 7 100.55 4.61065511621866 5 11208
2 6 5 8 66.47 4.19675071805349 4 39787
2 6 5 9 3279.28 8.09537916508674 146 756142
2 6 6 1 992.33 6.9000557132557 44 278171
2 6 6 2 209.98 5.3470122880868 6 71372
2 6 6 3 165.79 5.11072192725137 4 55283
2 6 6 4 80.16 4.38402463733655 4 10539
2 6 6 5 247.97 5.51330777110586 11 86405
2 6 6 6 546.95 6.3043573905658 24 80714
2 6 6 7 199.47 5.29566384908247 4 9307
2 6 6 8 137.44 4.92318745823595 5 40319
2 6 6 9 5716.97 8.65119422374277 211 1097124
2 6 7 1 6871.94 8.83520173254332 219 1148035
2 6 7 2 1358.02 7.2137830355507 47 177092
2 6 7 3 1305.97 7.17470133866902 25 142010
2 6 7 4 417.82 6.0350507177709 9 19434
2 6 7 5 1507.58 7.31826099518665 51 233769
2 6 7 6 3172.45 8.06225943902305 55 321914
2 6 7 7 1369.78 7.22240542198558 54 391112
2 6 7 8 792.12 6.67471289548868 24 127778
2 6 7 9 35319.16 10.4721808718756 1037 5765190
2 7 1 1 36.94 3.60929497477109 6 15613
2 7 1 2 3.06 1.11841491596429 0 0
2 7 1 3 2.02 0.703097511413113 0 0
2 7 1 4 28.33 3.34392131384243 1 3005
2 7 1 5 9.02 2.19944433407453 0 0
2 7 1 6 20.84 3.03687421688517 4 5072
2 7 1 7 4.48 1.49962304642689 0 0
2 7 1 8 1.68 0.518793793415168 0 0
2 7 1 9 342.29 5.83565833096976 26 157981
2 7 2 1 33.57 3.51363281099194 3 6068
2 7 2 2 9.92 2.29455292129678 0 0
2 7 2 3 1.3 0.262364264467491 0 0
2 7 2 4 22.69 3.12192429879175 1 1410
2 7 2 5 10.46 2.34755845863678 2 33342
2 7 2 6 24.96 3.21727454350123 1 4059
2 7 2 7 5.1 1.62924053973028 0 0
2 7 2 8 3.26 1.18172719537862 0 0
2 7 2 9 349.42 5.8562746370463 15 145126
2 7 3 1 35.15 3.55962461825667 1 2200
2 7 3 2 8.06 2.08691355651854 0 0
2 7 3 3 1.96 0.672944473242426 0 0
2 7 3 4 18.8 2.93385686983590 1 1588
2 7 3 5 5.05 1.61938824328727 0 0
2 7 3 6 18.54 2.91993056013771 1 31442
2 7 3 7 8.4 2.12823170584927 1 2800
2 7 3 8 0.35 -1.04982212449868 0 0
2 7 3 9 292.05 5.67692502048632 13 23491
2 7 4 1 27.49 3.31382230217715 1 1329
2 7 4 2 4.95 1.5993875765806 0 0
2 7 4 3 2.11 0.746687947487975 0 0
2 7 4 4 8.96 2.19277022698684 0 0
2 7 4 5 6.14 1.81482474215905 1 1916
2 7 4 6 17.98 2.88926002904347 0 0
2 7 4 7 2.68 0.985816794522765 0 0
2 7 4 8 1.64 0.494696241836107 0 0
2 7 4 9 258.15 5.55354081132566 5 15880
2 7 5 1 38.56 3.65221546974235 3 12590
2 7 5 2 10.75 2.37490575457367 0 0
2 7 5 3 3.11 1.13462272619114 0 0
2 7 5 4 8.92 2.18829594659192 0 0
2 7 5 5 4.96 1.60140574073684 0 0
2 7 5 6 17.21 2.84549061022345 0 0
2 7 5 7 6.31 1.84213567655312 0 0
2 7 5 8 2.5 0.916290731874155 0 0
2 7 5 9 267.12 5.5876979956354 8 11642
2 7 6 1 63.98 4.15857053452137 2 6574
2 7 6 2 16.87 2.82553689655788 4 7333
2 7 6 3 6.9 1.93152141160321 0 0
2 7 6 4 8.68 2.16102152867226 0 0
2 7 6 5 11.99 2.48407296903942 0 0
2 7 6 6 24.08 3.18138162044062 0 0
2 7 6 7 13.38 2.59376105470008 0 0
2 7 6 8 6.54 1.87793716546911 0 0
2 7 6 9 453.04 6.11598042180555 9 81464
2 7 7 1 420.95 6.04251406178367 7 16802
2 7 7 2 126.12 4.83723383467686 1 6020
2 7 7 3 39.14 3.66714496196793 1 1012
2 7 7 4 59.08 4.07889245766318 1 3580
2 7 7 5 81.78 4.4040327149365 3 3065
2 7 7 6 193.89 5.26729098794291 3 32827
2 7 7 7 71.27 4.26647548151378 1 603
2 7 7 8 31.36 3.44553319548221 1 1021
2 7 7 9 2873.7 7.96335567705696 69 381570
3 1 1 1 213.38 5.36307461376331 53 244561
3 1 1 2 76.97 4.34341573554623 26 187544
3 1 1 3 60.42 4.10132017595853 8 18624
3 1 1 4 60.89 4.10906895762048 10 81052
3 1 1 5 53.3 3.9759363311718 10 52745
3 1 1 6 104.58 4.64995232875998 13 168471
3 1 1 7 24.92 3.21567069391925 4 5100
3 1 1 8 12.91 2.55800220485855 3 42372
3 1 1 9 2375.34 7.77289586411737 456 1911772
3 1 2 1 276.13 5.6208717693174 28 106668
3 1 2 2 73.41 4.29606016612269 14 30232
3 1 2 3 69.26 4.23786753897428 14 61941
3 1 2 4 73.29 4.29442417393776 5 66851
3 1 2 5 52.25 3.95603989084492 7 57304
3 1 2 6 139.64 4.93906768223684 9 59193
3 1 2 7 42.93 3.75957088223647 3 5646
3 1 2 8 13.03 2.56725439113675 0 0
3 1 2 9 2472.22 7.81287181138136 297 1413344
3 1 3 1 299.1 5.7007779656359 36 196119
3 1 3 2 87.6 4.47278099794235 11 55966
3 1 3 3 67.91 4.2181832991257 6 13026
3 1 3 4 65.39 4.18036934157318 2 2186
3 1 3 5 60.44 4.10165113740454 8 23091
3 1 3 6 135.85 4.91155133587236 6 74018
3 1 3 7 48.67 3.88506282384536 2 3044
3 1 3 8 16.35 2.79422789734326 3 12589
3 1 3 9 2411.79 7.78812448938011 256 1266725
3 1 4 1 336.16 5.81758723709669 29 98220
3 1 4 2 119.03 4.77937556217979 9 61145
3 1 4 3 75.71 4.32691025211521 3 16285
3 1 4 4 44.78 3.80176161117061 0 0
3 1 4 5 69.52 4.24161448095714 11 67180
3 1 4 6 115.91 4.75281402790065 10 25912
3 1 4 7 59.11 4.07940011483628 2 3783
3 1 4 8 18.65 2.92584614608982 0 0
3 1 4 9 2419.59 7.79135338330969 209 905418
3 1 5 1 480.43 6.17468153621607 41 129476
3 1 5 2 164.22 5.10120699228064 16 133759
3 1 5 3 123.44 4.81575520805491 7 48811
3 1 5 4 50.82 3.92828997789202 2 4868
3 1 5 5 102.56 4.63044799317236 3 13127
3 1 5 6 159.79 5.0738604531513 15 44864
3 1 5 7 73.37 4.2955151327259 9 56128
3 1 5 8 32.92 3.49408037580887 2 1512
3 1 5 9 3214.83 8.07552975813526 274 1088795
3 1 6 1 1110.72 7.01276373267342 84 399470
3 1 6 2 327.3 5.79087718150713 32 100742
3 1 6 3 300.23 5.7045488475841 47 234344
3 1 6 4 52.79 3.96632177883552 2 6842
3 1 6 5 209.45 5.34448504739304 23 67428
3 1 6 6 303.79 5.71633667322755 20 70487
3 1 6 7 184.93 5.21997737509678 16 90830
3 1 6 8 62.38 4.13324471117966 2 62884
3 1 6 9 6151.48 8.7244479822554 625 3050824
3 1 7 1 4918.02 8.50066128946165 236 1326307
3 1 7 2 1398.19 7.24293382199967 72 342421
3 1 7 3 2349.67 7.7620301717457 45 142660
3 1 7 4 252.36 5.53085663950261 15 25307
3 1 7 5 881.09 6.78115977735873 52 195295
3 1 7 6 1520.51 7.32680108387974 58 307753
3 1 7 7 867.16 6.76522350416032 45 110181
3 1 7 8 306 5.72358510195238 7 68657
3 1 7 9 26905.35 10.2000804305733 1481 6783057
3 2 1 1 230.25 5.43916567513542 30 169977
3 2 1 2 52.01 3.95143600778498 6 49480
3 2 1 3 42.02 3.73814569541685 6 19600
3 2 1 4 72.26 4.28027072571949 10 15713
3 2 1 5 63.55 4.15182699763546 10 45597
3 2 1 6 140.48 4.94506512988681 10 24925
3 2 1 7 41.12 3.71649462114691 7 29069
3 2 1 8 15.44 2.73696154459663 4 19159
3 2 1 9 2136.64 7.6669897806695 283 1188075
3 2 2 1 304.17 5.7175867556326 33 230024
3 2 2 2 74.05 4.30474054071381 9 25481
3 2 2 3 44.9 3.80443779474821 3 7212
3 2 2 4 74.01 4.30420021920937 1 700
3 2 2 5 71.95 4.27597143333338 7 12796
3 2 2 6 201.2 5.30429943822558 13 30337
3 2 2 7 49.51 3.90217466937333 4 35898
3 2 2 8 11.53 2.44495233428097 1 5716
3 2 2 9 2535.1 7.837988362979 241 1050750
3 2 3 1 346.82 5.8488059133704 28 127469
3 2 3 2 74.87 4.31575327624259 13 71451
3 2 3 3 49.48 3.90156854752429 6 18584
3 2 3 4 67.62 4.21390379727974 4 11510
3 2 3 5 75.8 4.32809829264833 11 59922
3 2 3 6 211.42 5.35384667634052 12 52349
3 2 3 7 58.59 4.0705640335567 6 19142
3 2 3 8 21.15 3.05163990549229 1 309
3 2 3 9 2607.48 7.86613951666334 222 986926
3 2 4 1 398.7 5.98820925438731 30 121008
3 2 4 2 115.52 4.74944367514452 13 31036
3 2 4 3 61.44 4.11806108883942 5 15124
3 2 4 4 46.99 3.84993481311472 2 4809
3 2 4 5 81.79 4.40415498674688 9 79729
3 2 4 6 178.98 5.18727406775471 16 57389
3 2 4 7 73.74 4.300545392806 4 13266
3 2 4 8 21.73 3.07869379426834 2 6506
3 2 4 9 2804.47 7.93896985179722 185 983263
3 2 5 1 577.94 6.35947005705576 44 164565
3 2 5 2 186.56 5.22875290316213 17 37312
3 2 5 3 99.25 4.5976419195673 5 70395
3 2 5 4 37.92 3.63547867738682 2 3340
3 2 5 5 114.6 4.74144780428064 12 36371
3 2 5 6 231.48 5.44449347670564 8 12793
3 2 5 7 112.71 4.72481814825399 3 7993
3 2 5 8 49.52 3.90237662837634 1 7647
3 2 5 9 3785.59 8.2389570321914 255 1135808
3 2 6 1 1204.54 7.09385303030386 64 297189
3 2 6 2 348.05 5.85234614761468 20 87441
3 2 6 3 318.67 5.76415608457963 21 132964
3 2 6 4 59.64 4.08832648989654 2 2113
3 2 6 5 233.04 5.45121011265118 14 55184
3 2 6 6 401.81 5.99597934007511 21 79575
3 2 6 7 229.04 5.43389666078986 16 63658
3 2 6 8 113.66 4.73321153586898 5 69056
3 2 6 9 7232.56 8.8863483327025 477 2168736
3 2 7 1 6206.24 8.73331051651323 291 1529817
3 2 7 2 1778.53 7.48354245939356 97 442424
3 2 7 3 1574.59 7.36175019991094 60 408143
3 2 7 4 257.82 5.55226166701496 12 34524
3 2 7 5 1214.18 7.10182423080973 67 253711
3 2 7 6 1992.86 7.59732607188493 65 250177
3 2 7 7 1295.2 7.16642040236343 52 296108
3 2 7 8 502.83 6.22025214080728 27 92809
3 2 7 9 33844.51 10.4295320790716 1504 7698320
3 3 1 1 252.96 5.53323137346116 35 165902
3 3 1 2 55.7 4.01998014693324 6 15001
3 3 1 3 42.39 3.74691248536455 5 19085
3 3 1 4 61.57 4.12017473892312 7 47058
3 3 1 5 76.42 4.33624444201875 18 103398
3 3 1 6 171.47 5.14440832419076 18 101601
3 3 1 7 37.76 3.6312503412773 5 7103
3 3 1 8 14.17 2.65112705370259 1 31442
3 3 1 9 2164.34 7.67987074407589 294 1266124
3 3 2 1 354.49 5.8706801368296 43 270211
3 3 2 2 56.21 4.02909467701398 7 45695
3 3 2 3 33.16 3.50134433026709 1 6939
3 3 2 4 72.74 4.28689143955884 5 12904
3 3 2 5 88.73 4.48559805084725 11 26769
3 3 2 6 257.15 5.54965957222092 19 67830
3 3 2 7 55.78 4.02141538219934 6 21727
3 3 2 8 26.57 3.27978275977172 2 7009
3 3 2 9 2691.01 7.89767186681067 234 1261608
3 3 3 1 388.74 5.96291073968992 25 131184
3 3 3 2 71.36 4.26773748827175 7 44201
3 3 3 3 38.48 3.65013862579751 1 4375
3 3 3 4 71.03 4.26310232300972 2 5964
3 3 3 5 86.96 4.46544824281295 11 42621
3 3 3 6 250.19 5.52222062920849 20 173266
3 3 3 7 75 4.31748811353631 6 39333
3 3 3 8 34.92 3.5530597309714 5 22418
3 3 3 9 2786.03 7.93237292240812 190 858717
3 3 4 1 449.5 6.10813585391167 29 195168
3 3 4 2 106.66 4.66964620517246 7 51072
3 3 4 3 50.85 3.92888012249457 3 34954
3 3 4 4 49.51 3.90217466937333 2 11339
3 3 4 5 93.52 4.53817531716381 3 4737
3 3 4 6 229.73 5.43690470630408 14 69250
3 3 4 7 93.86 4.54180431036627 6 23703
3 3 4 8 35.25 3.56246552925828 2 33142
3 3 4 9 2823.71 7.9458069021219 174 804353
3 3 5 1 623.39 6.43517232613945 41 164990
3 3 5 2 165.36 5.10812491537351 8 49197
3 3 5 3 107.24 4.67506931336776 6 9345
3 3 5 4 53.95 3.98805769170414 2 4256
3 3 5 5 115.89 4.7526414653463 13 33965
3 3 5 6 289.39 5.6677752593502 14 64812
3 3 5 7 130.94 4.87473920301295 9 58316
3 3 5 8 68.28 4.22361689792624 3 5923
3 3 5 9 3795.31 8.24152137292309 233 1102967
3 3 6 1 1211.8 7.09986213651089 55 204035
3 3 6 2 331.56 5.80380878872333 27 160170
3 3 6 3 244.41 5.49884714299066 21 112398
3 3 6 4 69.85 4.24635008570297 4 7558
3 3 6 5 285.97 5.65588691021308 13 72538
3 3 6 6 501.96 6.21852043524211 17 79132
3 3 6 7 260.81 5.56379217287568 16 66095
3 3 6 8 140.81 4.94741146392922 11 99429
3 3 6 9 6982.23 8.85112362897288 418 2296256
3 3 7 1 6637.23 8.80044998675672 243 1109910
3 3 7 2 1681.52 7.42745342525172 71 377529
3 3 7 3 1688.25 7.43144776845495 47 211505
3 3 7 4 319.83 5.76778960463049 6 49844
3 3 7 5 1402.18 7.24578344737062 55 204355
3 3 7 6 2650.35 7.88244698573077 76 436313
3 3 7 7 1414.4 7.25446069188338 56 314402
3 3 7 8 821.8 6.71149705644931 32 244466
3 3 7 9 36595.09 10.5076693573847 1462 7765626
3 4 1 1 559.52 6.32707927331507 82 333333
3 4 1 2 79.18 4.37172374167799 9 83389
3 4 1 3 52.97 3.96972571555644 5 10472
3 4 1 4 139.86 4.94064192227572 4 13468
3 4 1 5 125.06 4.82879362213915 21 139195
3 4 1 6 395.86 5.98106061339259 34 101041
3 4 1 7 65.27 4.17853251264713 4 13716
3 4 1 8 25.95 3.2561716096119 3 14203
3 4 1 9 4174.3 8.336701958557 477 2028574
3 4 2 1 759.38 6.63250231086938 75 461748
3 4 2 2 95.99 4.56424401937545 9 12058
3 4 2 3 61.91 4.12568171753114 2 10300
3 4 2 4 162.43 5.0902471397313 7 38966
3 4 2 5 171.4 5.14400000616368 17 79870
3 4 2 6 581.13 6.3649744839746 31 233888
3 4 2 7 141.7 4.95371214669663 11 85892
3 4 2 8 33.05 3.49802156629770 3 13031
3 4 2 9 5179.78 8.55251786330914 407 2133862
3 4 3 1 882.28 6.78250946594439 67 325944
3 4 3 2 140.89 4.94797944406519 6 22634
3 4 3 3 80.68 4.39049071308601 1 3416
3 4 3 4 120.58 4.79231343306126 3 70053
3 4 3 5 168.89 5.12924761542983 12 23087
3 4 3 6 566.4 6.33930054237951 24 143467
3 4 3 7 141.85 4.95477016125486 13 34102
3 4 3 8 59.83 4.09150720740194 5 41928
3 4 3 9 5273.39 8.57042869848708 323 1769366
3 4 4 1 930.38 6.83559310484271 53 294693
3 4 4 2 186.23 5.22698246894341 13 91535
3 4 4 3 103.32 4.63783096822764 2 12215
3 4 4 4 95.19 4.55587489426321 3 36777
3 4 4 5 202.06 5.30856468299959 16 71636
3 4 4 6 507.25 6.22900397870592 21 47506
3 4 4 7 153.52 5.03383085169944 9 81848
3 4 4 8 80.05 4.38265143944272 2 7466
3 4 4 9 5361.38 8.58697668361359 290 1551046
3 4 5 1 1240.15 7.12298761902501 72 441578
3 4 5 2 271.62 5.60440403067592 16 87667
3 4 5 3 229.54 5.43607730625252 14 83355
3 4 5 4 95.75 4.56174062806076 2 8741
3 4 5 5 262.73 5.57112688887707 18 44435
3 4 5 6 575.18 6.35468303528773 17 65613
3 4 5 7 240.02 5.4807222532033 14 28430
3 4 5 8 132.37 4.88560103172568 2 7701
3 4 5 9 7316.31 8.8978613814944 332 2030248
3 4 6 1 2278.6 7.73131649826402 101 444371
3 4 6 2 587.8 6.37638675398482 31 122651
3 4 6 3 504.36 6.22329029880503 14 103196
3 4 6 4 124.82 4.8268726995059 2 31519
3 4 6 5 520.21 6.25423257620541 26 116043
3 4 6 6 969.68 6.87696612016226 40 193661
3 4 6 7 483.93 6.1819402681578 22 64380
3 4 6 8 317.12 5.75928025114162 15 150041
3 4 6 9 13375.57 9.50118518767857 616 3207923
3 4 7 1 14598.67 9.58868570765653 444 2526990
3 4 7 2 3769.94 8.23481436519605 118 775364
3 4 7 3 3657.95 8.20465816018599 104 731869
3 4 7 4 639.63 6.46088988417502 8 13695
3 4 7 5 3018.7 8.01258155411671 95 485071
3 4 7 6 6256.55 8.74138419396182 150 730785
3 4 7 7 2890.19 7.96907752289008 115 676893
3 4 7 8 2160 7.67786350067821 55 380519
3 4 7 9 79614.96 11.2849572938725 2548 13203616
3 5 1 1 66.18 4.19237830249347 11 86991
3 5 1 2 12.2 2.50143595173921 2 4206
3 5 1 3 10.46 2.34755845863678 0 0
3 5 1 4 12.55 2.52972066557779 1 31442
3 5 1 5 16.22 2.78624504868727 1 617
3 5 1 6 45.16 3.81021173928146 1 1606
3 5 1 7 10.26 2.32825283974262 4 8787
3 5 1 8 8.14 2.09679018001445 0 0
3 5 1 9 582.17 6.36676250129957 82 288772
3 5 2 1 95.88 4.56309740956618 4 40620
3 5 2 2 14.67 2.68580459215489 1 1234
3 5 2 3 9.1 2.20827441352280 0 0
3 5 2 4 14.04 2.64191039859766 0 0
3 5 2 5 23.38 3.15188095604392 5 10834
3 5 2 6 64.73 4.17022477255742 6 80041
3 5 2 7 15.78 2.75874331541773 0 0
3 5 2 8 7.15 1.96711235670592 0 0
3 5 2 9 682.07 6.5251322918726 66 251890
3 5 3 1 106.06 4.66400497170898 9 52060
3 5 3 2 25.79 3.24998681989325 3 5523
3 5 3 3 12.55 2.52972066557779 1 901
3 5 3 4 12.61 2.53449014997683 1 2693
3 5 3 5 28.41 3.34674119586610 1 1300
3 5 3 6 69.25 4.23772314506745 4 10121
3 5 3 7 24.06 3.18055071054653 0 0
3 5 3 8 7.05 1.95302761682418 0 0
3 5 3 9 696.56 6.54615393452036 44 270042
3 5 4 1 122.77 4.81031268619275 6 40268
3 5 4 2 28.66 3.35550242240003 1 1100
3 5 4 3 18.5 2.91777073208428 1 1855
3 5 4 4 10 2.30258509299405 0 0
3 5 4 5 29.15 3.3724549127965 0 0
3 5 4 6 71.37 4.26787761298298 4 11034
3 5 4 7 22.78 3.12588295801904 1 3056
3 5 4 8 10.62 2.36273901581379 2 32355
3 5 4 9 741.23 6.60831096849768 44 249540
3 5 5 1 186.4 5.22789490225149 6 97634
3 5 5 2 39.3 3.67122451887522 2 32030
3 5 5 3 31.63 3.45410603731756 2 6342
3 5 5 4 5.84 1.76473079684014 0 0
3 5 5 5 33.94 3.52459425980608 5 13825
3 5 5 6 88.3 4.48074010760991 2 32833
3 5 5 7 36.43 3.59539261102047 4 3897
3 5 5 8 29.33 3.37861088298936 1 31442
3 5 5 9 1017.94 6.92553625627722 56 268945
3 5 6 1 359.83 5.88563169769591 15 218411
3 5 6 2 79.26 4.37273358776229 10 50649
3 5 6 3 73.62 4.29891672795087 5 8906
3 5 6 4 13.33 2.59001713419062 0 0
3 5 6 5 83.2 4.42124734782716 6 49166
3 5 6 6 138.19 4.92862954981539 4 18433
3 5 6 7 79.55 4.37638575478380 3 12478
3 5 6 8 54.94 4.00624168066713 2 4486
3 5 6 9 1941.76 7.57135005728006 89 319443
3 5 7 1 1855.3 7.52580168703283 65 358790
3 5 7 2 457.25 6.12523028727098 25 217118
3 5 7 3 442.87 6.09327627325456 16 74000
3 5 7 4 61.12 4.11283914485827 2 3887
3 5 7 5 367.21 5.90593389149099 21 109371
3 5 7 6 633.37 6.45105476954743 19 145079
3 5 7 7 386.49 5.95710599447154 14 41905
3 5 7 8 252.47 5.53129242977554 13 92133
3 5 7 9 9545.23 9.16379683225508 396 1983959
3 6 1 1 187.75 5.23511129064424 35 171592
3 6 1 2 24.04 3.17971910966701 4 15092
3 6 1 3 13.61 2.61080481666337 2 32158
3 6 1 4 33.47 3.51064951522324 1 4487
3 6 1 5 41.84 3.73385281975667 8 13586
3 6 1 6 136.14 4.9136837680198 19 42561
3 6 1 7 30.6 3.42100000895834 1 556
3 6 1 8 15.77 2.75810940097495 4 4684
3 6 1 9 1238.84 7.12193073689 140 720084
3 6 2 1 259.57 5.55902641574839 30 142441
3 6 2 2 29.78 3.39383702725586 1 2640
3 6 2 3 16.41 2.797890905102 0 0
3 6 2 4 37.07 3.61280801716264 1 9869
3 6 2 5 58.8 4.07414185490458 4 11865
3 6 2 6 209.75 5.34591634534732 8 80833
3 6 2 7 48.04 3.87203399721178 6 17574
3 6 2 8 26.94 3.29361217098222 2 9713
3 6 2 9 1626.78 7.39435787988324 125 470051
3 6 3 1 299.91 5.7034824296472 19 169849
3 6 3 2 28.45 3.34814816057234 0 0
3 6 3 3 22.83 3.12807546054170 0 0
3 6 3 4 30.88 3.43010872515658 0 0
3 6 3 5 54.01 3.9891692146048 4 4943
3 6 3 6 181.06 5.19882846804729 11 42891
3 6 3 7 46.17 3.8323302365189 0 0
3 6 3 8 38.09 3.63995178049051 3 3450
3 6 3 9 1632.96 7.3981495978756 92 403488
3 6 4 1 300.59 5.70574720996579 17 117401
3 6 4 2 44.31 3.7912103852114 5 12173
3 6 4 3 28 3.33220451017520 0 0
3 6 4 4 19.33 2.96165829322024 0 0
3 6 4 5 53.55 3.98061579689376 3 5949
3 6 4 6 163.02 5.09387289266631 7 25358
3 6 4 7 58.78 4.07380166099077 5 43236
3 6 4 8 46.23 3.83362893800013 2 1803
3 6 4 9 1577.85 7.3638184398534 80 447128
3 6 5 1 385.54 5.95464494896945 16 110578
3 6 5 2 84.29 4.43426323400939 6 13624
3 6 5 3 64.25 4.16278172377533 1 1518
3 6 5 4 23.74 3.16716138918152 0 0
3 6 5 5 78.56 4.36386266404621 6 20737
3 6 5 6 198.91 5.29285246111697 7 20881
3 6 5 7 68.71 4.22989474904298 2 9151
3 6 5 8 61.13 4.11300274404063 3 18101
3 6 5 9 2017.86 7.60979282288753 112 644496
3 6 6 1 772.69 6.64987793322256 32 120917
3 6 6 2 188.97 5.24158827230195 11 69871
3 6 6 3 141.34 4.95116833526271 4 49093
3 6 6 4 35.49 3.56925096665841 0 0
3 6 6 5 160.82 5.08028572712 7 53193
3 6 6 6 328.78 5.79538883408136 17 79488
3 6 6 7 136.87 4.91903157022317 11 36441
3 6 6 8 155.63 5.04748139521692 4 35412
3 6 6 9 3855.71 8.25731044543333 164 981465
3 6 7 1 4739.07 8.46359619290724 156 1031429
3 6 7 2 1134.37 7.03383270973 45 235652
3 6 7 3 1078.25 6.98309463552795 32 168555
3 6 7 4 151.43 5.02012347196856 2 5982
3 6 7 5 971.01 6.87833676689947 35 95823
3 6 7 6 1928.14 7.5643110866421 45 368238
3 6 7 7 889.08 6.79018722021657 27 89649
3 6 7 8 900.56 6.80301679204655 35 228604
3 6 7 9 22985.48 10.0426179912070 799 4265828
3 7 1 1 3.39 1.22082992139236 1 303
3 7 1 2 2.34 0.85015092936961 0 0
3 7 1 3 0.8 -0.223143551314210 0 0
3 7 1 4 2.49 0.912282710476616 0 0
3 7 1 5 1.34 0.29266961396282 1 906
3 7 1 6 8.71 2.16447179086441 0 0
3 7 1 7 1.63 0.488580014818671 0 0
3 7 1 8 0.15 -1.89711998488588 0 0
3 7 1 9 78.57 4.36398994718773 6 66711
3 7 2 1 19.19 2.95438931001961 0 0
3 7 2 2 3.27 1.18478998490916 0 0
3 7 2 3 0.38 -0.967584026261706 0 0
3 7 2 4 5.71 1.74221902366792 1 31442
3 7 2 5 4.12 1.41585316336144 1 31442
3 7 2 6 10.07 2.30956070673047 0 0
3 7 2 7 3.24 1.17557332980424 0 0
3 7 2 8 1.28 0.246860077931526 0 0
3 7 2 9 111.66 4.71545853988221 10 33310
3 7 3 1 15.14 2.71734024800930 1 1441
3 7 3 2 4.09 1.40854497005471 0 0
3 7 3 3 0.9 -0.105360515657826 0 0
3 7 3 4 1.06 0.0582689081239758 0 0
3 7 3 5 2.02 0.703097511413113 0 0
3 7 3 6 6.7 1.90210752639692 0 0
3 7 3 7 1 0 0 0
3 7 3 8 0.76 -0.274436845701760 0 0
3 7 3 9 105.76 4.66117237610338 8 14449
3 7 4 1 14.41 2.66792241001143 0 0
3 7 4 2 1.92 0.65232518603969 1 794
3 7 4 3 0.96 -0.0408219945202552 0 0
3 7 4 4 1.16 0.148420005118273 0 0
3 7 4 5 3.85 1.34807314829969 0 0
3 7 4 6 5.92 1.77833644889591 0 0
3 7 4 7 1.9 0.641853886172395 3 11762
3 7 4 8 2.21 0.792992515529661 0 0
3 7 4 9 110.85 4.70817793606232 5 41333
3 7 5 1 14.35 2.66374994220563 0 0
3 7 5 2 4.57 1.51951320490611 0 0
3 7 5 3 3.34 1.20597080698861 0 0
3 7 5 4 3.56 1.26976054486394 0 0
3 7 5 5 7.44 2.006870848845 0 0
3 7 5 6 13.81 2.6253929674212 0 0
3 7 5 7 4.92 1.59330853050422 0 0
3 7 5 8 1.16 0.148420005118273 0 0
3 7 5 9 146.21 4.98504394442935 7 49986
3 7 6 1 31.22 3.44105891508729 2 4738
3 7 6 2 14.4 2.66722820658195 0 0
3 7 6 3 4.81 1.57069708411767 0 0
3 7 6 4 6.03 1.79674701073909 0 0
3 7 6 5 4.25 1.44691898293633 2 2063
3 7 6 6 13.08 2.57108434602905 1 1769
3 7 6 7 10.27 2.32922702394047 0 0
3 7 6 8 6.33 1.84530023615608 0 0
3 7 6 9 292.33 5.67788330113051 10 22382
3 7 7 1 288.36 5.66420969953638 12 41206
3 7 7 2 84.68 4.43887944626666 1 1200
3 7 7 3 29.99 3.40086399276092 1 31442
3 7 7 4 19.07 2.94811641961233 1 3608
3 7 7 5 37.96 3.63653297374173 1 1455
3 7 7 6 113.33 4.73030391674486 2 7618
3 7 7 7 40.84 3.70966199329646 2 34979
3 7 7 8 34.87 3.55162686068756 0 0
3 7 7 9 1720.36 7.4502888502324 57 226934
4 1 1 1 49.31 3.89812690023603 11 23218
4 1 1 2 22.93 3.13244609686981 6 14940
4 1 1 3 34.01 3.52665459901910 9 101091
4 1 1 4 6.08 1.80500469597808 0 0
4 1 1 5 17.77 2.87751164216656 4 4164
4 1 1 6 18.59 2.92262380173335 1 3044
4 1 1 7 3.89 1.35840915763035 0 0
4 1 1 8 4.31 1.46093790411566 1 400
4 1 1 9 601.75 6.39984207666318 103 381138
4 1 2 1 77.53 4.35066495823087 6 16812
4 1 2 2 29.09 3.37039447250711 5 9656
4 1 2 3 36.39 3.59429401162407 6 10543
4 1 2 4 11.32 2.42657107277504 1 8231
4 1 2 5 18.74 2.93066027681028 3 4571
4 1 2 6 32.02 3.46636070756857 3 38542
4 1 2 7 13.62 2.61153930072137 1 954
4 1 2 8 3.73 1.31640823365572 0 0
4 1 2 9 735.71 6.60083601934278 86 391512
4 1 3 1 85.77 4.45166929500233 4 14451
4 1 3 2 36.08 3.58573869519442 2 3784
4 1 3 3 34.31 3.53543685687036 6 8274
4 1 3 4 12.01 2.48573963609189 1 917
4 1 3 5 19.1 2.94968833505258 4 14439
4 1 3 6 32.8 3.4904285153901 4 12608
4 1 3 7 18.59 2.92262380173335 1 900
4 1 3 8 8.54 2.14476100780048 3 4956
4 1 3 9 729.62 6.59252385066511 88 599538
4 1 4 1 105.73 4.66088867474444 15 90111
4 1 4 2 35.14 3.55934008275895 6 38663
4 1 4 3 53.38 3.97743614397638 1 3000
4 1 4 4 6.89 1.93007108502557 1 4686
4 1 4 5 18.19 2.90087199253003 3 3372
4 1 4 6 34.63 3.54472035841433 2 3178
4 1 4 7 16.77 2.81959157583512 0 0
4 1 4 8 11.75 2.46385324059017 0 0
4 1 4 9 766.14 6.64136492066464 71 430373
4 1 5 1 166.1 5.11259001661925 7 40729
4 1 5 2 66.54 4.19780327059033 5 43356
4 1 5 3 48.99 3.89161619565048 7 17562
4 1 5 4 10.91 2.38967979984498 1 993
4 1 5 5 32.5 3.48124008933569 5 47591
4 1 5 6 53.9 3.98713047791495 4 15205
4 1 5 7 17.88 2.88368276974537 2 8643
4 1 5 8 17.04 2.83556352140117 2 3314
4 1 5 9 1064.66 6.97041077834648 96 403899
4 1 6 1 344.68 5.84261645037157 32 184118
4 1 6 2 125.36 4.83118959804777 15 34894
4 1 6 3 130.03 4.86776519306323 11 66353
4 1 6 4 15 2.70805020110221 0 0
4 1 6 5 73.29 4.29442417393776 10 122551
4 1 6 6 95.16 4.55555968543476 4 9655
4 1 6 7 51.85 3.94835493467554 3 33098
4 1 6 8 35.32 3.56444937573576 5 12104
4 1 6 9 2154.39 7.67526289982304 173 702215
4 1 7 1 1528.57 7.33208793681481 87 483084
4 1 7 2 567.56 6.34134647063911 35 209646
4 1 7 3 563.23 6.33368807047065 34 107767
4 1 7 4 65.95 4.18889687916332 3 12950
4 1 7 5 278.46 5.62927442248114 24 93032
4 1 7 6 395.47 5.98007493098051 10 27088
4 1 7 7 230.9 5.44198471636045 5 22495
4 1 7 8 163.53 5.0969964597443 8 27401
4 1 7 9 8738.13 9.07545148694706 520 2437429
4 2 1 1 52.42 3.95928819789526 9 50023
4 2 1 2 18.13 2.89756802476676 3 33786
4 2 1 3 13.45 2.59897910604785 0 0
4 2 1 4 7.31 1.98924327376169 2 6906
4 2 1 5 17.93 2.88647528761704 7 18501
4 2 1 6 35.36 3.56558123776944 2 5317
4 2 1 7 10.18 2.32042501112238 2 1329
4 2 1 8 3.66 1.29746314741327 2 3465
4 2 1 9 510.14 6.23468519785137 83 357640
4 2 2 1 73.64 4.29918835636488 7 45054
4 2 2 2 25.83 3.25153660710775 4 12796
4 2 2 3 17.27 2.84897089215859 1 148
4 2 2 4 14.44 2.67000213346468 0 0
4 2 2 5 23.46 3.15529684322533 2 6103
4 2 2 6 58.09 4.06199353200444 5 36882
4 2 2 7 20.45 3.01798288248881 2 4383
4 2 2 8 6.65 1.89461685466776 0 0
4 2 2 9 720.52 6.57997317355536 98 456585
4 2 3 1 126.64 4.84134841557276 11 28994
4 2 3 2 35.86 3.57962246817699 4 8066
4 2 3 3 21.01 3.04499851485691 2 10160
4 2 3 4 16.24 2.78747733473353 0 0
4 2 3 5 19.53 2.97195174488859 1 6861
4 2 3 6 56.42 4.03282370557385 3 7874
4 2 3 7 26.02 3.25886547308436 3 10624
4 2 3 8 10.09 2.31154483436552 2 6237
4 2 3 9 855.76 6.75198996299788 62 303872
4 2 4 1 138.08 4.92783322733512 16 134301
4 2 4 2 41.49 3.72545243434478 3 7068
4 2 4 3 34.65 3.54529772563591 3 38011
4 2 4 4 12.24 2.50470927708418 0 0
4 2 4 5 24.21 3.18676577094997 6 25737
4 2 4 6 54.79 4.00350769555032 2 2560
4 2 4 7 34.39 3.53776582444417 2 34833
4 2 4 8 12.31 2.51041194019636 0 0
4 2 4 9 903.99 6.80681829838409 70 360223
4 2 5 1 199.99 5.298267365298 14 66020
4 2 5 2 67.63 4.21405167158685 8 23998
4 2 5 3 44.13 3.78713982328146 1 2288
4 2 5 4 12.04 2.48823443988067 0 0
4 2 5 5 37.01 3.61118814639806 2 5688
4 2 5 6 67.39 4.21049663895813 4 5756
4 2 5 7 38.42 3.64857815734041 3 4812
4 2 5 8 20.27 3.00914196046391 4 36477
4 2 5 9 1305.83 7.17459413291044 99 321088
4 2 6 1 452.94 6.11575966637959 31 97902
4 2 6 2 166.21 5.11325204908302 17 158030
4 2 6 3 127.04 4.84450199749883 10 66279
4 2 6 4 16.52 2.80457176809283 1 1800
4 2 6 5 91.55 4.51688527112052 8 9753
4 2 6 6 135.02 4.90542291561372 3 8171
4 2 6 7 83.37 4.42328853242252 7 14223
4 2 6 8 65.8 4.18661983833127 1 4332
4 2 6 9 2702.27 7.90184743950863 157 912421
4 2 7 1 2110.59 7.65472280823657 107 595146
4 2 7 2 708.77 6.56353107333871 43 155553
4 2 7 3 717.74 6.57610738647639 28 222823
4 2 7 4 55.84 4.02249045845412 2 5417
4 2 7 5 403.75 6.00079587453687 21 52327
4 2 7 6 630.8 6.44698885508888 30 78258
4 2 7 7 410.91 6.01837421241484 26 73043
4 2 7 8 328.26 5.79380597730379 5 14963
4 2 7 9 12169.67 9.40670206975526 598 3223609
4 3 1 1 70.13 4.25035066254882 12 55595
4 3 1 2 17.58 2.86676189225703 1 8064
4 3 1 3 23.46 3.15529684322533 2 6214
4 3 1 4 11.23 2.41858876875035 1 8670
4 3 1 5 13.24 2.58324255050886 3 2138
4 3 1 6 47.61 3.86304282320643 5 12105
4 3 1 7 11.87 2.47401420862158 0 0
4 3 1 8 5.77 1.75267208052001 0 0
4 3 1 9 499.28 6.21316706062579 52 237894
4 3 2 1 112.86 4.72614811254099 11 25656
4 3 2 2 26.77 3.28728185753226 1 3915
4 3 2 3 25.69 3.24610181112179 7 41229
4 3 2 4 11.26 2.42125662271154 1 3468
4 3 2 5 23.55 3.15912582046243 3 2732
4 3 2 6 78.7 4.36564315542336 6 18099
4 3 2 7 19.31 2.96062309644042 4 8908
4 3 2 8 7.38 1.99877363861238 1 31442
4 3 2 9 784.88 6.66553083985514 74 291386
4 3 3 1 132.22 4.88446720190543 11 112977
4 3 3 2 32.33 3.47599559173734 2 5747
4 3 3 3 23.84 3.17136484219715 1 31442
4 3 3 4 12.19 2.50061594349318 1 2400
4 3 3 5 31.33 3.4445761049641 1 939
4 3 3 6 92.3 4.52504414150881 6 47618
4 3 3 7 18.55 2.92046978905344 3 10335
4 3 3 8 7.26 1.98237982883670 0 0
4 3 3 9 881.54 6.78167037800637 46 198404
4 3 4 1 181.06 5.19882846804729 9 45410
4 3 4 2 46.47 3.83880694309689 0 0
4 3 4 3 29.81 3.39484390768998 0 0
4 3 4 4 9.02 2.19944433407453 0 0
4 3 4 5 31.21 3.44073855628269 6 44195
4 3 4 6 89.92 4.49892038614538 3 10382
4 3 4 7 31.18 3.43977686362963 2 3523
4 3 4 8 17.15 2.84199817361195 3 10519
4 3 4 9 958.53 6.86540086090044 73 380081
4 3 5 1 232.21 5.4476421346586 9 86821
4 3 5 2 55.68 4.01962101602616 0 0
4 3 5 3 48.14 3.87411343235493 2 34624
4 3 5 4 12.63 2.5360749363624 0 0
4 3 5 5 52.17 3.9545076170343 2 3952
4 3 5 6 107.44 4.67693255221498 6 46145
4 3 5 7 40.18 3.69336935938679 5 11704
4 3 5 8 38.26 3.64440496401211 0 0
4 3 5 9 1404.67 7.24755767873545 95 417261
4 3 6 1 502.26 6.21911791390002 23 107693
4 3 6 2 135.72 4.91059393991603 14 84314
4 3 6 3 140.08 4.9422136879776 5 9624
4 3 6 4 17.48 2.86105737022739 0 0
4 3 6 5 107.97 4.68185341075905 5 17978
4 3 6 6 143.88 4.96897961882742 11 27311
4 3 6 7 87.39 4.47038085963945 8 42469
4 3 6 8 82.11 4.4080598117207 4 18826
4 3 6 9 2805.94 7.93949387768254 139 733705
4 3 7 1 2312.76 7.74619689549896 107 695827
4 3 7 2 676.83 6.51742013355077 29 146054
4 3 7 3 748.35 6.61787078297516 33 169849
4 3 7 4 79.77 4.37914749392304 5 42430
4 3 7 5 504.39 6.22334977835895 18 66503
4 3 7 6 862.65 6.76000904682787 25 124101
4 3 7 7 512.76 6.23980789944393 17 59311
4 3 7 8 470.4 6.15358339658442 22 121196
4 3 7 9 13951.57 9.54334732571969 584 2899470
4 4 1 1 172.47 5.15022330830331 21 105510
4 4 1 2 26.09 3.26155209914864 0 0
4 4 1 3 30.77 3.42654018933395 5 40261
4 4 1 4 13.54 2.60564826748413 0 0
4 4 1 5 30.82 3.42816382989197 3 43190
4 4 1 6 104.04 4.64477544058045 9 25652
4 4 1 7 20.72 3.03109941739128 4 7244
4 4 1 8 11.16 2.41233595695316 2 2280
4 4 1 9 944.79 6.8509626805765 90 407441
4 4 2 1 269.84 5.59782919075339 31 271937
4 4 2 2 44.88 3.80399226121444 4 18343
4 4 2 3 43.45 3.7716108517114 4 16229
4 4 2 4 35.07 3.55734606415209 2 1770
4 4 2 5 48.57 3.88300605635765 7 18027
4 4 2 6 164.27 5.10151141555311 13 55542
4 4 2 7 31.44 3.44808096756101 2 2738
4 4 2 8 21.8 3.08190996979504 2 1710
4 4 2 9 1582.15 7.36653996052052 144 690199
4 4 3 1 324.35 5.78182317965906 21 81074
4 4 3 2 67.35 4.20990290285637 5 7762
4 4 3 3 35.51 3.56981434695500 2 2184
4 4 3 4 17.58 2.86676189225703 1 1500
4 4 3 5 49.59 3.90378920050104 6 12520
4 4 3 6 164.43 5.10248494772613 15 139115
4 4 3 7 48.55 3.88259419473733 5 9487
4 4 3 8 28.33 3.34392131384243 2 34108
4 4 3 9 1687.61 7.43106860580741 120 623928
4 4 4 1 328.35 5.79408011263698 21 88706
4 4 4 2 80.47 4.38788444415804 5 6326
4 4 4 3 56.09 4.02695754352025 3 5281
4 4 4 4 20.88 3.03879176301444 0 0
4 4 4 5 64.24 4.16262606963851 4 39255
4 4 4 6 174.1 5.15962984677414 9 57665
4 4 4 7 50.19 3.91581580366684 3 7652
4 4 4 8 55.6 4.01818320125654 4 9368
4 4 4 9 1907.97 7.55379512861418 101 489424
4 4 5 1 481.3 6.17649077630906 30 86157
4 4 5 2 130.83 4.87389877052278 4 41552
4 4 5 3 93.2 4.53474772169155 4 45751
4 4 5 4 21.78 3.08099211750481 1 2193
4 4 5 5 83.41 4.42376820625352 8 27643
4 4 5 6 228.49 5.43149244570045 12 113934
4 4 5 7 90.12 4.50114211556404 5 14731
4 4 5 8 84.36 4.43509335561057 7 13308
4 4 5 9 2775.52 7.9285933960131 160 865925
4 4 6 1 978.57 6.88609232234588 44 304384
4 4 6 2 284.51 5.65076840233355 12 110861
4 4 6 3 259.23 5.55771569852142 15 36007
4 4 6 4 36.88 3.60766939868839 0 0
4 4 6 5 179.94 5.19262346198897 6 57514
4 4 6 6 398.99 5.98893635391915 18 123132
4 4 6 7 159.68 5.07317181256315 7 42550
4 4 6 8 179.44 5.18984089021195 15 135172
4 4 6 9 5553.54 8.62219084124622 255 1529493
4 4 7 1 5091.56 8.53533954588874 187 1200157
4 4 7 2 1618.34 7.3891562115133 67 364718
4 4 7 3 1710.88 7.44476313700835 74 348802
4 4 7 4 166.09 5.11252981011091 4 7563
4 4 7 5 1098.94 7.00210135782681 50 223397
4 4 7 6 2288.5 7.7356518600937 62 240148
4 4 7 7 1101.12 7.00408312260912 46 264633
4 4 7 8 1289.41 7.16194002839166 43 195629
4 4 7 9 30873.62 10.3376573765751 1186 6834531
4 5 1 1 14.14 2.64900766046843 2 2676
4 5 1 2 3.98 1.38128181929635 2 9979
4 5 1 3 1.93 0.657520002916794 0 0
4 5 1 4 0.13 -2.04022082852655 0 0
4 5 1 5 5.26 1.66013102674962 1 600
4 5 1 6 12.36 2.51446545202954 2 7638
4 5 1 7 1.14 0.131028262406404 0 0
4 5 1 8 1.02 0.0198026272961797 0 0
4 5 1 9 110.4 4.704110133843 14 61788
4 5 2 1 22.43 3.11039934853212 1 1825
4 5 2 2 6.47 1.86717610851281 0 0
4 5 2 3 3.74 1.31908561142644 0 0
4 5 2 4 3.6 1.28093384546206 0 0
4 5 2 5 4.65 1.53686721959926 0 0
4 5 2 6 19.16 2.95282477254271 1 1258
4 5 2 7 3.64 1.29198368164865 1 72
4 5 2 8 2.05 0.717839793150317 0 0
4 5 2 9 184.5 5.21764946348058 17 134556
4 5 3 1 28.65 3.35515344316075 3 2343
4 5 3 2 10.98 2.39607543608138 1 5762
4 5 3 3 5.65 1.73165554515835 0 0
4 5 3 4 2.86 1.05082162483176 0 0
4 5 3 5 6.91 1.93296963777958 1 956
4 5 3 6 26.36 3.27184770963431 2 11007
4 5 3 7 3.84 1.34547236659964 1 2330
4 5 3 8 1.86 0.62057648772511 0 0
4 5 3 9 210.68 5.35034039461519 12 49731
4 5 4 1 41.28 3.72037812117331 1 4333
4 5 4 2 9.24 2.22354188565359 1 31442
4 5 4 3 9.24 2.22354188565359 1 1684
4 5 4 4 2.81 1.03318448334565 0 0
4 5 4 5 8.87 2.18267479632149 0 0
4 5 4 6 20.82 3.03591406318682 1 5368
4 5 4 7 8.46 2.13534917361813 0 0
4 5 4 8 4.4 1.48160454092422 0 0
4 5 4 9 235.24 5.46060626959176 15 106855
4 5 5 1 59.64 4.08832648989654 5 18003
4 5 5 2 13.54 2.60564826748413 0 0
4 5 5 3 9.66 2.26799364822443 1 31442
4 5 5 4 0.75 -0.287682072451781 0 0
4 5 5 5 12.18 2.49979526228175 0 0
4 5 5 6 25.69 3.24610181112179 0 0
4 5 5 7 14.53 2.67621547758219 0 0
4 5 5 8 9.86 2.28848616861454 0 0
4 5 5 9 348.3 5.85306417737196 30 250211
4 5 6 1 136.9 4.9192507322944 12 96970
4 5 6 2 30.74 3.42556473811045 1 1503
4 5 6 3 38.5 3.65065824129374 3 35613
4 5 6 4 2.31 0.837247524533702 0 0
4 5 6 5 31.5 3.44998754583159 3 6302
4 5 6 6 39.79 3.68361562443884 3 34383
4 5 6 7 27.33 3.30798499993998 1 31442
4 5 6 8 26.32 3.27032910645712 2 34167
4 5 6 9 755.36 6.62719445679798 47 255811
4 5 7 1 593.04 6.38526185034846 21 123958
4 5 7 2 158.87 5.06808625773193 11 47492
4 5 7 3 196.15 5.27887967265556 9 30277
4 5 7 4 12.98 2.56340971127594 0 0
4 5 7 5 104.85 4.65253075734793 1 1978
4 5 7 6 194.9 5.27248660651351 4 10588
4 5 7 7 138.42 4.93029254141372 7 67566
4 5 7 8 149.13 5.00481840877469 3 9709
4 5 7 9 3152.35 8.05590348542236 156 768061
4 6 1 1 59.95 4.09351088147352 10 31740
4 6 1 2 8.18 2.10169215061466 0 0
4 6 1 3 7.13 1.96431123442620 1 2360
4 6 1 4 2.32 0.841567185678219 0 0
4 6 1 5 8.74 2.16791018966744 2 13931
4 6 1 6 25.54 3.24024585060439 3 32660
4 6 1 7 7.17 1.96990565461153 2 4415
4 6 1 8 3.47 1.24415459395877 0 0
4 6 1 9 282.66 5.64424476194 22 56172
4 6 2 1 93.52 4.53817531716381 11 25417
4 6 2 2 7.56 2.02287119019144 0 0
4 6 2 3 5.7 1.74046617484050 0 0
4 6 2 4 3.57 1.27256559579155 0 0
4 6 2 5 11.91 2.47737838336721 3 41995
4 6 2 6 70.7 4.25844557290253 3 11924
4 6 2 7 10.96 2.39425228151987 1 31442
4 6 2 8 9.96 2.29857707159651 0 0
4 6 2 9 468.91 6.15041085237698 34 209378
4 6 3 1 104.27 4.6469836888015 8 51392
4 6 3 2 16 2.77258872223978 1 1363
4 6 3 3 9.16 2.21484617868604 2 4211
4 6 3 4 5.5 1.70474809223843 0 0
4 6 3 5 11.33 2.42745407503992 1 3759
4 6 3 6 58.02 4.06078777869326 3 10592
4 6 3 7 19.89 2.99021709286588 2 8013
4 6 3 8 11.8 2.46809953147162 1 6140
4 6 3 9 517.45 6.24891290211418 34 165960
4 6 4 1 103.11 4.63579637952985 8 23206
4 6 4 2 22.01 3.09149689553837 0 0
4 6 4 3 18.18 2.90032208874933 1 1955
4 6 4 4 3.26 1.18172719537862 0 0
4 6 4 5 15.31 2.72850620966959 2 5460
4 6 4 6 56.73 4.03830317133848 0 0
4 6 4 7 19.28 2.9590682891824 2 8463
4 6 4 8 25.32 3.23159459727598 1 2735
4 6 4 9 525.48 6.26431213060131 29 191633
4 6 5 1 129.17 4.86112936624392 5 14134
4 6 5 2 32.33 3.47599559173734 4 15546
4 6 5 3 31.2 3.44041809481544 1 2965
4 6 5 4 4.05 1.39871688111845 0 0
4 6 5 5 29.28 3.37690468909311 0 0
4 6 5 6 70.88 4.26098830629683 3 36493
4 6 5 7 26.85 3.29026582095487 5 10031
4 6 5 8 37.44 3.62273965160939 1 6323
4 6 5 9 777.52 6.65610936719522 35 203397
4 6 6 1 269.86 5.59790330600264 15 75377
4 6 6 2 82.85 4.41703174387257 3 5504
4 6 6 3 79.68 4.37801861327634 3 9347
4 6 6 4 6.7 1.90210752639692 0 0
4 6 6 5 64.77 4.17084253319483 3 13395
4 6 6 6 114.7 4.74232002413533 4 14816
4 6 6 7 52.7 3.96461545554732 5 7421
4 6 6 8 84.33 4.43473767358655 2 10085
4 6 6 9 1566.18 7.3563948124741 70 289782
4 6 7 1 1647.08 7.40675930216133 55 309988
4 6 7 2 477.62 6.16881543724852 23 155510
4 6 7 3 484.42 6.18295229901818 20 94528
4 6 7 4 35.59 3.5720646995221 1 31442
4 6 7 5 335.13 5.81451851625087 16 89775
4 6 7 6 731.98 6.59575319118368 10 57899
4 6 7 7 314.96 5.75244564663548 7 19365
4 6 7 8 568.29 6.3426318518083 24 210966
4 6 7 9 9304.84 9.1382899738721 356 2121962
4 7 1 1 2.25 0.810930216216329 0 0
4 7 1 2 0.09 -2.40794560865187 0 0
4 7 1 3 0.9 -0.105360515657826 0 0
4 7 1 5 0.73 -0.3147107448397 0 0
4 7 1 6 3.46 1.24126858906963 0 0
4 7 1 7 0.6 -0.510825623765991 0 0
4 7 1 9 25.33 3.23198946401358 2 4465
4 7 2 1 3.7 1.30833281965018 0 0
4 7 2 2 1.21 0.190620359608650 0 0
4 7 2 3 0.1 -2.30258509299405 0 0
4 7 2 4 1.76 0.56531380905006 0 0
4 7 2 5 0.5 -0.693147180559945 0 0
4 7 2 6 4.13 1.41827740697294 1 429
4 7 2 7 0.2 -1.6094379124341 0 0
4 7 2 9 27.7 3.32143241319329 2 5216
4 7 3 1 3.23 1.17248213723457 0 0
4 7 3 2 1.61 0.476234178996372 0 0
4 7 3 3 0.4 -0.916290731874155 0 0
4 7 3 5 0.7 -0.356674943938732 0 0
4 7 3 6 5.43 1.69193913394584 1 1073
4 7 3 9 31.66 3.45505405445287 3 7305
4 7 4 1 4.29 1.45628673293993 1 626
4 7 4 2 3.47 1.24415459395877 0 0
4 7 4 3 1.49 0.398776119957368 0 0
4 7 4 4 0.01 -4.60517018598809 0 0
4 7 4 5 3.31 1.19694818938897 0 0
4 7 4 6 3.27 1.18478998490916 0 0
4 7 4 7 0.1 -2.30258509299405 0 0
4 7 4 8 1.85 0.615185639090233 0 0
4 7 4 9 36.11 3.58656983528937 3 4855
4 7 5 1 9.89 2.29152414563462 1 4125
4 7 5 2 1.5 0.405465108108164 0 0
4 7 5 3 0.2 -1.6094379124341 0 0
4 7 5 4 1.36 0.307484699747961 0 0
4 7 5 5 1.77 0.570979546585738 0 0
4 7 5 6 2.74 1.00795792039998 0 0
4 7 5 8 1.28 0.246860077931526 0 0
4 7 5 9 46.95 3.84908320565427 2 2864
4 7 6 1 18.06 2.89369954798884 0 0
4 7 6 2 5.95 1.78339121955754 0 0
4 7 6 3 4.06 1.40118297361364 1 1140
4 7 6 4 2.81 1.03318448334565 0 0
4 7 6 5 2.7 0.993251773010283 1 5000
4 7 6 6 8.08 2.08939187253300 0 0
4 7 6 7 2.85 1.04731899428056 0 0
4 7 6 8 1.58 0.457424847038875 0 0
4 7 6 9 100.73 4.61244366995459 4 14546
4 7 7 1 86.76 4.46314568595867 1 913
4 7 7 2 36.79 3.60522606911668 3 6744
4 7 7 3 12.86 2.55412171880947 0 0
4 7 7 4 6.69 1.90061387414014 0 0
4 7 7 5 21.03 3.04594998971461 0 0
4 7 7 6 38.27 3.64466629943761 0 0
4 7 7 7 12.31 2.51041194019636 0 0
4 7 7 8 13.59 2.60933422816305 0 0
4 7 7 9 661.33 6.49425295884143 15 79549
5 1 1 1 39.38 3.67325807321098 8 19055
5 1 1 2 33.22 3.50315210418515 14 70516
5 1 1 3 25.94 3.2557861788883 6 12853
5 1 1 4 4.97 1.60341984010854 0 0
5 1 1 5 5.83 1.7630170003624 1 5315
5 1 1 6 10.55 2.35612585992208 2 14735
5 1 1 7 4.18 1.43031124653666 2 3699
5 1 1 8 8.91 2.18717424148272 4 2745
5 1 1 9 643.63 6.46712402683487 172 802056
5 1 2 1 40.03 3.68962917300448 7 53251
5 1 2 2 31.2 3.44041809481544 8 64325
5 1 2 3 40.44 3.69981939415227 6 51965
5 1 2 4 4.58 1.52169899812609 1 8390
5 1 2 5 10.55 2.35612585992208 0 0
5 1 2 6 20.21 3.00617753141553 2 8498
5 1 2 7 8.99 2.19611284848353 0 0
5 1 2 8 7.78 2.0515563381903 2 31442
5 1 2 9 697.77 6.54788953556709 122 505940
5 1 3 1 54.57 3.99948428119814 8 17149
5 1 3 2 36.47 3.59649000482059 8 46332
5 1 3 3 32.03 3.46667296362107 6 42364
5 1 3 4 4.03 1.39376637595859 0 0
5 1 3 5 11.06 2.40333499609419 0 0
5 1 3 6 18.96 2.94233149682688 1 1000
5 1 3 7 8.71 2.16447179086441 2 8327
5 1 3 8 14.5 2.67414864942653 5 39056
5 1 3 9 618.16 6.42674732362533 98 524453
5 1 4 1 61.37 4.11692111640101 3 67055
5 1 4 2 40.59 3.70352173085081 5 18027
5 1 4 3 32 3.46573590279973 0 0
5 1 4 4 2.43 0.887891257352457 0 0
5 1 4 5 16.54 2.80578168959555 1 1725
5 1 4 6 20.67 3.02868337369368 3 10781
5 1 4 7 9.94 2.29656702066848 1 3530
5 1 4 8 21.16 3.0521126069901 3 3762
5 1 4 9 617.39 6.42550091498191 81 449815
5 1 5 1 92.05 4.52233190767909 11 18385
5 1 5 2 65.64 4.18418526622189 10 47270
5 1 5 3 58.99 4.07736793801498 5 40553
5 1 5 4 1.57 0.451075619360217 0 0
5 1 5 5 18.46 2.91560622907471 2 8860
5 1 5 6 22.92 3.13200989184654 1 1845
5 1 5 7 11.36 2.43009841329301 3 36029
5 1 5 8 22.87 3.12982600803469 1 3801
5 1 5 9 820.04 6.70935311955637 111 426845
5 1 6 1 183.54 5.21243262739087 8 30510
5 1 6 2 116.62 4.75892078579401 15 66600
5 1 6 3 115.02 4.74510602628561 11 56739
5 1 6 4 4.61 1.52822785700856 0 0
5 1 6 5 42.25 3.74360435380318 4 6990
5 1 6 6 47.19 3.8541820057383 4 4778
5 1 6 7 23.47 3.15572300986293 1 2943
5 1 6 8 55.74 4.0206980220538 8 105275
5 1 6 9 1623.22 7.39216710977626 154 653118
5 1 7 1 717.63 6.5759541158908 47 208573
5 1 7 2 401.42 5.99500826073135 35 150942
5 1 7 3 439.61 6.08588797022342 30 266009
5 1 7 4 21.22 3.05494413318584 1 2000
5 1 7 5 145.24 4.97838754654614 9 53228
5 1 7 6 182.52 5.2068597560592 9 15099
5 1 7 7 102.4 4.62888671260541 5 8972
5 1 7 8 186.24 5.22703616454307 14 31626
5 1 7 9 5539.09 8.6195855063214 416 2249007
5 2 1 1 43.32 3.76861442213279 4 13238
5 2 1 2 21.67 3.07592881554827 5 8608
5 2 1 3 21.83 3.08328517056185 1 2495
5 2 1 4 6.92 1.93441576962958 2 5307
5 2 1 5 9.75 2.27726728500976 1 6866
5 2 1 6 20.25 3.00815479355255 0 0
5 2 1 7 5.5 1.70474809223843 0 0
5 2 1 8 3.68 1.30291275218084 0 0
5 2 1 9 451.09 6.11166687613494 87 438695
5 2 2 1 53.04 3.97104634587761 10 68513
5 2 2 2 26.38 3.27260614728917 4 8435
5 2 2 3 29.54 3.38574527710323 3 8813
5 2 2 4 6.84 1.92278773163446 0 0
5 2 2 5 11.94 2.47989410796446 2 3694
5 2 2 6 27.82 3.3257551864953 2 4249
5 2 2 7 11.17 2.41323161308111 1 2686
5 2 2 8 7.6 2.02814824729229 0 0
5 2 2 9 576.16 6.35638539990056 76 302181
5 2 3 1 71.9 4.275276264727 8 51707
5 2 3 2 31.96 3.46448512089807 6 25061
5 2 3 3 28.18 3.33861250647053 3 34674
5 2 3 4 5.98 1.78842056796254 0 0
5 2 3 5 10.02 2.30458309565672 2 2855
5 2 3 6 22.94 3.13288211170122 1 8000
5 2 3 7 13.41 2.59600069729359 1 435
5 2 3 8 16.4 2.79728133483015 1 4005
5 2 3 9 612.27 6.41717336169319 64 228163
5 2 4 1 75.09 4.31868739411179 3 12022
5 2 4 2 39.02 3.66407433519497 2 3970
5 2 4 3 26.66 3.28316431475056 1 1467
5 2 4 4 4.81 1.57069708411767 0 0
5 2 4 5 14.32 2.6616571615325 0 0
5 2 4 6 38.4 3.64805745959368 1 31442
5 2 4 7 15.27 2.72589011923054 2 12253
5 2 4 8 19.66 2.97858611471902 2 7718
5 2 4 9 703.72 6.55638054977085 91 439898
5 2 5 1 122 4.80402104473326 2 13341
5 2 5 2 49.82 3.90841650983403 4 38056
5 2 5 3 56.86 4.04059210622285 0 0
5 2 5 4 4.69 1.54543258245819 0 0
5 2 5 5 25.1 3.22286784613774 1 31442
5 2 5 6 38.73 3.65661449352666 3 3731
5 2 5 7 18.83 2.93545134266906 2 11144
5 2 5 8 39.01 3.66381802351856 3 5673
5 2 5 9 1004.07 6.91181701893681 87 547051
5 2 6 1 276.21 5.62116144596786 24 84068
5 2 6 2 121.45 4.79950265544818 12 40273
5 2 6 3 140.3 4.94378298710842 11 72080
5 2 6 4 5.76 1.7509374747078 0 0
5 2 6 5 64.51 4.16682025054415 7 110527
5 2 6 6 71.49 4.26955757977876 3 4822
5 2 6 7 45.13 3.80954721383891 1 3571
5 2 6 8 80.96 4.39395520553916 5 38993
5 2 6 9 2109.22 7.65407348987952 172 625489
5 2 7 1 1110.45 7.01252061755722 65 373173
5 2 7 2 484.99 6.18412827216822 43 139960
5 2 7 3 611.99 6.41671594250955 34 157871
5 2 7 4 31.88 3.46197885392201 0 0
5 2 7 5 254.68 5.54000785514882 20 147025
5 2 7 6 313.88 5.74901074725927 16 102075
5 2 7 7 203.03 5.31335375137415 5 14472
5 2 7 8 389.67 5.9653002270873 20 141846
5 2 7 9 8729.83 9.07450117556272 517 2613039
5 3 1 1 62.53 4.13564644157921 6 48495
5 3 1 2 22.94 3.13288211170122 5 22703
5 3 1 3 17.73 2.87525812008612 3 15788
5 3 1 4 6.76 1.91102289005487 1 992
5 3 1 5 8.97 2.19388567607070 2 31615
5 3 1 6 25.31 3.23119957455703 3 2575
5 3 1 7 7.18 1.97129938306013 3 4422
5 3 1 8 4.46 1.49514876603197 2 7451
5 3 1 9 440.93 6.08888613268915 54 251193
5 3 2 1 74.65 4.3128105239852 12 61398
5 3 2 2 21.61 3.07315617051879 1 1450
5 3 2 3 27.4 3.31054301339402 3 5061
5 3 2 4 5.81 1.75958057086382 2 3671
5 3 2 5 13.19 2.57945896672922 2 4928
5 3 2 6 32.8 3.4904285153901 5 69277
5 3 2 7 11.21 2.41680623708407 0 0
5 3 2 8 10.8 2.37954613413017 2 2629
5 3 2 9 598.14 6.39382484026267 68 264917
5 3 3 1 94.29 4.54637513947759 13 54694
5 3 3 2 31.55 3.45157358898722 3 34055
5 3 3 3 29.43 3.38201456224538 2 1426
5 3 3 4 5.58 1.71918877639322 0 0
5 3 3 5 19.91 2.99122211807610 3 6534
5 3 3 6 44.03 3.78487121976766 0 0
5 3 3 7 16 2.77258872223978 2 11808
5 3 3 8 11.92 2.47821766163720 0 0
5 3 3 9 649.11 6.47560219386745 62 329058
5 3 4 1 107.13 4.67404305027447 11 94918
5 3 4 2 32.28 3.47444784340175 3 2313
5 3 4 3 33.65 3.51601305609074 4 12288
5 3 4 4 3.27 1.18478998490916 0 0
5 3 4 5 22.77 3.12544388007565 3 5911
5 3 4 6 43.27 3.76745955423679 2 10115
5 3 4 7 12.37 2.51527418640440 1 3392
5 3 4 8 21.73 3.07869379426834 0 0
5 3 4 9 729.8 6.59277052400235 63 235765
5 3 5 1 149.79 5.00923431318063 8 37006
5 3 5 2 58.08 4.06182137051654 5 37990
5 3 5 3 48.59 3.88341774841781 6 11364
5 3 5 4 6.96 1.94017947434633 0 0
5 3 5 5 34.25 3.53368656470823 4 35822
5 3 5 6 59.82 4.0913400532018 4 6347
5 3 5 7 23.38 3.15188095604392 2 6534
5 3 5 8 44.65 3.79885430732251 3 4969
5 3 5 9 1054.73 6.96104008898537 69 281281
5 3 6 1 300.28 5.7047153727048 22 76756
5 3 6 2 124.65 4.82550980996957 12 92958
5 3 6 3 145.5 4.98017608661155 5 19178
5 3 6 4 9.91 2.29354434834190 0 0
5 3 6 5 63.07 4.14424522067556 5 20281
5 3 6 6 101.73 4.62232224480566 6 43173
5 3 6 7 51.13 3.93437140909191 7 28491
5 3 6 8 116.28 4.75600107569068 4 7403
5 3 6 9 2084.66 7.64236105139125 159 771665
5 3 7 1 1291.25 7.16336602043385 41 293493
5 3 7 2 520.94 6.25563487197379 29 138830
5 3 7 3 676.38 6.5167550482845 28 235831
5 3 7 4 35.33 3.56473246137105 2 5829
5 3 7 5 299.99 5.7037491407673 23 120261
5 3 7 6 523.39 6.26032688406714 14 62013
5 3 7 7 265.89 5.58308268941842 13 36704
5 3 7 8 599.43 6.39597920368015 29 155051
5 3 7 9 9965.28 9.20686233059635 486 2560945
5 4 1 1 109.23 4.69345575085545 13 60096
5 4 1 2 31.71 3.45663208855026 3 36934
5 4 1 3 32.35 3.47661402094691 2 32365
5 4 1 4 9.88 2.29051251175978 1 3542
5 4 1 5 19.48 2.96938829821439 2 1065
5 4 1 6 50.65 3.92493923069469 5 42686
5 4 1 7 16.11 2.77944019718888 4 7357
5 4 1 8 15.57 2.74534598584591 1 9579
5 4 1 9 770.69 6.64728621748243 91 524705
5 4 2 1 180.1 5.19351225218191 26 103992
5 4 2 2 35.5 3.56953269648137 5 65836
5 4 2 3 50.22 3.91641335372944 2 32896
5 4 2 4 11.9 2.47653840011748 1 2825
5 4 2 5 36.25 3.59043938130068 6 11558
5 4 2 6 106.18 4.66513576715553 7 21782
5 4 2 7 22.34 3.10637879364105 1 7660
5 4 2 8 25.02 3.21967550503877 3 6659
5 4 2 9 1141.56 7.04015102700637 115 557417
5 4 3 1 198.57 5.29114168279894 18 70984
5 4 3 2 59.81 4.09117287105647 3 14822
5 4 3 3 46.93 3.84865712980633 2 4836
5 4 3 4 14.15 2.64971462408925 0 0
5 4 3 5 35.34 3.56501546689155 1 1985
5 4 3 6 106.79 4.67086428918345 5 40142
5 4 3 7 25.13 3.2240623515555 3 9201
5 4 3 8 34.61 3.54414265764725 1 1753
5 4 3 9 1219.62 7.10629461379893 113 506246
5 4 4 1 230.03 5.43820973519993 9 53377
5 4 4 2 59.93 4.09317721447009 4 15865
5 4 4 3 47.93 3.86974161317154 1 31442
5 4 4 4 12.54 2.52892353520477 1 800
5 4 4 5 34.38 3.5374749999547 1 2237
5 4 4 6 107.54 4.67786287138153 7 50019
5 4 4 7 31.52 3.45062226498968 5 19379
5 4 4 8 56.83 4.04006435530903 2 3886
5 4 4 9 1419.58 7.25811633219747 99 647293
5 4 5 1 317.01 5.75893331912105 15 80540
5 4 5 2 104.4 4.64822967544854 5 10570
5 4 5 3 102.93 4.63404914553847 4 5590
5 4 5 4 10.46 2.34755845863678 0 0
5 4 5 5 50.41 3.92018956809454 2 4525
5 4 5 6 122.58 4.80876387805759 5 16623
5 4 5 7 47.24 3.85524099132916 5 11325
5 4 5 8 92.6 4.52828914165213 8 43023
5 4 5 9 2014.55 7.608151124378 125 644099
5 4 6 1 541.77 6.29484155713236 32 161900
5 4 6 2 215.82 5.37444472693559 6 14288
5 4 6 3 246.8 5.50857829203123 8 58500
5 4 6 4 11.39 2.43273577745909 0 0
5 4 6 5 133.59 4.89477540800172 13 95129
5 4 6 6 226.28 5.42177317047495 10 22795
5 4 6 7 107.83 4.68055591289398 8 25329
5 4 6 8 242.78 5.49215568346966 15 168380
5 4 6 9 4231.59 8.3503330879375 250 1304846
5 4 7 1 2946.7 7.98844117911679 122 613652
5 4 7 2 1117.96 7.01926087489968 58 255116
5 4 7 3 1396.49 7.24171722460055 53 337846
5 4 7 4 75.39 4.32267464022361 1 1962
5 4 7 5 635.91 6.45505704389276 29 196401
5 4 7 6 1291.12 7.16326533772757 50 333231
5 4 7 7 542.86 6.29685145980321 23 91399
5 4 7 8 1382.66 7.23176445906891 52 571579
5 4 7 9 21581.24 9.979579697773 920 4847989
5 5 1 1 9.75 2.27726728500976 0 0
5 5 1 2 2.94 1.07840958135059 0 0
5 5 1 3 14.21 2.65394594210901 3 13529
5 5 1 4 0.76 -0.274436845701760 0 0
5 5 1 5 3.42 1.22964055107451 1 4058
5 5 1 6 5.64 1.72988406550997 0 0
5 5 1 7 2.44 0.89199803930511 0 0
5 5 1 8 2.49 0.912282710476616 1 31442
5 5 1 9 117.39 4.76550172489043 17 121307
5 5 2 1 17.77 2.87751164216656 0 0
5 5 2 2 4.89 1.58719230348678 1 9007
5 5 2 3 4.58 1.52169899812609 0 0
5 5 2 4 0.1 -2.30258509299405 0 0
5 5 2 5 6.13 1.81319474994812 1 4225
5 5 2 6 5.16 1.64093657949347 0 0
5 5 2 7 2.39 0.87129336594342 0 0
5 5 2 8 3.41 1.22671229129543 0 0
5 5 2 9 140.2 4.94306997460049 13 95879
5 5 3 1 20.03 2.99723114967773 0 0
5 5 3 2 6.06 1.80170980008122 0 0
5 5 3 3 3.24 1.17557332980424 1 779
5 5 3 4 1.16 0.148420005118273 0 0
5 5 3 5 1.52 0.418710334858185 0 0
5 5 3 6 9.01 2.19833507162025 0 0
5 5 3 7 2.63 0.966983846189673 0 0
5 5 3 8 10.94 2.39242579699384 2 6484
5 5 3 9 188.15 5.23723951703945 13 75374
5 5 4 1 20.61 3.02577639490237 3 35174
5 5 4 2 7.09 1.95868534054404 0 0
5 5 4 3 7.6 2.02814824729229 2 3611
5 5 4 5 3.31 1.19694818938897 0 0
5 5 4 6 13 2.56494935746154 0 0
5 5 4 7 1.37 0.314810739840034 0 0
5 5 4 8 11.07 2.40423874672055 0 0
5 5 4 9 177.36 5.17818156530806 12 61341
5 5 5 1 28.28 3.34215484102837 1 716
5 5 5 2 17.99 2.88981604796244 1 3896
5 5 5 3 21.19 3.05352937228021 1 1576
5 5 5 5 10.13 2.31550131826059 0 0
5 5 5 6 10.81 2.38047163165112 0 0
5 5 5 7 3.99 1.38379123090177 0 0
5 5 5 8 12.05 2.48906465993666 0 0
5 5 5 9 234 5.4553211153577 22 107065
5 5 6 1 54.72 4.00222927331429 1 3000
5 5 6 2 21.61 3.07315617051879 2 4502
5 5 6 3 42.44 3.74809131374578 2 3695
5 5 6 4 1.65 0.500775287912489 0 0
5 5 6 5 16.46 2.80093319524892 0 0
5 5 6 6 26.23 3.26690379387878 2 10259
5 5 6 7 13.65 2.61373952163097 3 5598
5 5 6 8 39.76 3.68286138178837 4 15915
5 5 6 9 568.65 6.34326513063045 42 186899
5 5 7 1 266.04 5.58364667341622 17 80318
5 5 7 2 116.75 4.76003489654901 6 48119
5 5 7 3 171.84 5.1465638113205 9 26797
5 5 7 4 2.07 0.727548607277278 0 0
5 5 7 5 61.96 4.12648901554867 4 10580
5 5 7 6 114.36 4.73935136745411 2 39981
5 5 7 7 49.37 3.89934295227077 2 5391
5 5 7 8 173.28 5.15490878325268 11 119909
5 5 7 9 2387.46 7.77798531828784 99 559278
5 6 1 1 30.8 3.42751468997953 4 8714
5 6 1 2 11.97 2.48240351956988 2 7747
5 6 1 3 3.22 1.16938135955632 1 31442
5 6 1 4 1.34 0.29266961396282 0 0
5 6 1 5 8.91 2.18717424148272 2 3112
5 6 1 6 15.68 2.75238601492226 0 0
5 6 1 7 6.17 1.81969883791730 0 0
5 6 1 8 6.94 1.93730177451871 1 994
5 6 1 9 201.95 5.30802014200942 15 120724
5 6 2 1 62.69 4.13820194528588 9 20731
5 6 2 2 8.04 2.08442908319087 0 0
5 6 2 3 10.73 2.37304355664261 0 0
5 6 2 4 1.68 0.518793793415168 0 0
5 6 2 5 15.42 2.73566536813518 1 3277
5 6 2 6 31.15 3.43881424523346 2 5291
5 6 2 7 9.18 2.2170272046324 1 4884
5 6 2 8 10.16 2.31845844215034 0 0
5 6 2 9 316.66 5.75782864307329 21 119632
5 6 3 1 63.63 4.1530850572447 2 5400
5 6 3 2 11.93 2.47905623610982 2 9525
5 6 3 3 12.55 2.52972066557779 0 0
5 6 3 4 2.3 0.832909122935104 0 0
5 6 3 5 10.67 2.36743606531366 1 31442
5 6 3 6 38.64 3.65428800934432 2 1953
5 6 3 7 13.39 2.59450815970308 3 9508
5 6 3 8 12.02 2.48657192910706 1 4581
5 6 3 9 359.57 5.8849088730884 26 139072
5 6 4 1 69.43 4.24031905076518 11 62295
5 6 4 2 13.47 2.60046499042227 1 2575
5 6 4 3 14.11 2.64688376586472 2 32158
5 6 4 4 1.05 0.048790164169432 0 0
5 6 4 5 7.5 2.01490302054226 1 31442
5 6 4 6 36.19 3.58878283757565 0 0
5 6 4 7 8.58 2.14943391349987 1 1135
5 6 4 8 22.65 3.12015985192904 1 3590
5 6 4 9 393 5.97380961186926 24 116662
5 6 5 1 87.44 4.47095284386828 5 17072
5 6 5 2 23.03 3.13679771383259 2 2283
5 6 5 3 23.02 3.13636340329374 0 0
5 6 5 4 1.58 0.457424847038875 0 0
5 6 5 5 10.55 2.35612585992208 2 32423
5 6 5 6 32.49 3.48093234968101 5 68672
5 6 5 7 10.74 2.37397508908072 0 0
5 6 5 8 32.78 3.48981857331568 0 0
5 6 5 9 533.49 6.27944032642368 36 186668
5 6 6 1 157.06 5.05662789794673 5 16138
5 6 6 2 49.35 3.89893776587949 3 64610
5 6 6 3 67.45 4.21138658265377 2 2977
5 6 6 4 1.15 0.139761942375159 0 0
5 6 6 5 39.6 3.67882911826043 1 1802
5 6 6 6 75.36 4.32227663026811 2 11385
5 6 6 7 25.64 3.24415363205247 1 1968
5 6 6 8 102.98 4.634534794618 7 46010
5 6 6 9 1203.01 7.09258202849208 65 389080
5 6 7 1 889.43 6.79058080811263 34 261859
5 6 7 2 313.49 5.74776746163759 18 137743
5 6 7 3 415.78 6.03015627421897 11 79125
5 6 7 4 19.5 2.9704144655697 1 874
5 6 7 5 178.83 5.18643563389995 10 21659
5 6 7 6 389.82 5.9656850941205 17 64534
5 6 7 7 147.94 4.99680678615972 7 24026
5 6 7 8 579.49 6.36214840637552 29 130489
5 6 7 9 6392.6 8.76289635037502 317 1517683
5 7 1 1 0.9 -0.105360515657826 0 0
5 7 1 2 0.04 -3.2188758248682 0 0
5 7 1 5 0.7 -0.356674943938732 0 0
5 7 1 9 14.77 2.69259809654329 2 8628
5 7 2 1 2.25 0.810930216216329 0 0
5 7 2 2 0.72 -0.328504066972036 0 0
5 7 2 3 0.46 -0.776528789498996 0 0
5 7 2 5 0.3 -1.20397280432594 0 0
5 7 2 6 1.32 0.277631736598280 0 0
5 7 2 7 0.46 -0.776528789498996 0 0
5 7 2 9 27.54 3.31563949330051 1 1314
5 7 3 1 4.71 1.54968790802833 0 0
5 7 3 2 1.88 0.631271776841858 0 0
5 7 3 3 0.08 -2.52572864430826 0 0
5 7 3 5 0.04 -3.2188758248682 0 0
5 7 3 6 1.88 0.631271776841858 0 0
5 7 3 7 0.58 -0.544727175441672 0 0
5 7 3 9 23.65 3.16336311493794 2 6600
5 7 4 1 3.74 1.31908561142644 0 0
5 7 4 2 1.2 0.182321556793955 0 0
5 7 4 4 0.7 -0.356674943938732 0 0
5 7 4 6 0.96 -0.0408219945202552 1 1231
5 7 4 7 0.03 -3.50655789731998 0 0
5 7 4 9 24.61 3.20315286440296 0 0
5 7 5 1 5.98 1.78842056796254 2 6102
5 7 5 2 0.8 -0.223143551314210 0 0
5 7 5 3 1.1 0.095310179804325 0 0
5 7 5 4 0.34 -1.07880966137193 0 0
5 7 5 5 0.7 -0.356674943938732 0 0
5 7 5 6 2.48 0.90825856017689 0 0
5 7 5 7 0.6 -0.510825623765991 1 2935
5 7 5 8 1.14 0.131028262406404 0 0
5 7 5 9 38.77 3.65764675168284 1 1150
5 7 6 1 8.47 2.13653050866396 0 0
5 7 6 2 2.49 0.912282710476616 0 0
5 7 6 3 2.89 1.06125650212434 0 0
5 7 6 4 0.13 -2.04022082852655 0 0
5 7 6 5 1.36 0.307484699747961 0 0
5 7 6 6 4.15 1.42310833424261 0 0
5 7 6 7 2.23 0.802001585472027 0 0
5 7 6 8 1.96 0.672944473242426 0 0
5 7 6 9 69.7 4.24420031776648 2 32275
5 7 7 1 51.24 3.93652047702853 1 31442
5 7 7 2 21.74 3.07915388169306 2 31942
5 7 7 3 9.91 2.29354434834190 0 0
5 7 7 4 2.35 0.854415328156068 0 0
5 7 7 5 8.74 2.16791018966744 0 0
5 7 7 6 16.61 2.81000492362520 0 0
5 7 7 7 2.83 1.04027671165515 1 966
5 7 7 8 13.06 2.56955412384829 0 0
5 7 7 9 384.87 5.95290561492936 16 112252
